race_key,date,jo_code,jo_name,race_no,1-2-3,1-2-4,1-2-5,1-2-6,1-2-7,1-2-8,1-2-9,1-3-2,1-3-4,1-3-5,1-3-6,1-3-7,1-3-8,1-3-9,1-4-2,1-4-3,1-4-5,1-4-6,1-4-7,1-4-8,1-4-9,1-5-2,1-5-3,1-5-4,1-5-6,1-5-7,1-5-8,1-5-9,1-6-2,1-6-3,1-6-4,1-6-5,1-6-7,1-6-8,1-6-9,1-7-2,1-7-3,1-7-4,1-7-5,1-7-6,1-7-8,1-7-9,1-8-2,1-8-3,1-8-4,1-8-5,1-8-6,1-8-7,1-8-9,1-9-2,1-9-3,1-9-4,1-9-5,1-9-6,1-9-7,1-9-8,2-1-3,2-1-4,2-1-5,2-1-6,2-1-7,2-1-8,2-1-9,2-3-1,2-3-4,2-3-5,2-3-6,2-3-7,2-3-8,2-3-9,2-4-1,2-4-3,2-4-5,2-4-6,2-4-7,2-4-8,2-4-9,2-5-1,2-5-3,2-5-4,2-5-6,2-5-7,2-5-8,2-5-9,2-6-1,2-6-3,2-6-4,2-6-5,2-6-7,2-6-8,2-6-9,2-7-1,2-7-3,2-7-4,2-7-5,2-7-6,2-7-8,2-7-9,2-8-1,2-8-3,2-8-4,2-8-5,2-8-6,2-8-7,2-8-9,2-9-1,2-9-3,2-9-4,2-9-5,2-9-6,2-9-7,2-9-8,3-1-2,3-1-4,3-1-5,3-1-6,3-1-7,3-1-8,3-1-9,3-2-1,3-2-4,3-2-5,3-2-6,3-2-7,3-2-8,3-2-9,3-4-1,3-4-2,3-4-5,3-4-6,3-4-7,3-4-8,3-4-9,3-5-1,3-5-2,3-5-4,3-5-6,3-5-7,3-5-8,3-5-9,3-6-1,3-6-2,3-6-4,3-6-5,3-6-7,3-6-8,3-6-9,3-7-1,3-7-2,3-7-4,3-7-5,3-7-6,3-7-8,3-7-9,3-8-1,3-8-2,3-8-4,3-8-5,3-8-6,3-8-7,3-8-9,3-9-1,3-9-2,3-9-4,3-9-5,3-9-6,3-9-7,3-9-8,4-1-2,4-1-3,4-1-5,4-1-6,4-1-7,4-1-8,4-1-9,4-2-1,4-2-3,4-2-5,4-2-6,4-2-7,4-2-8,4-2-9,4-3-1,4-3-2,4-3-5,4-3-6,4-3-7,4-3-8,4-3-9,4-5-1,4-5-2,4-5-3,4-5-6,4-5-7,4-5-8,4-5-9,4-6-1,4-6-2,4-6-3,4-6-5,4-6-7,4-6-8,4-6-9,4-7-1,4-7-2,4-7-3,4-7-5,4-7-6,4-7-8,4-7-9,4-8-1,4-8-2,4-8-3,4-8-5,4-8-6,4-8-7,4-8-9,4-9-1,4-9-2,4-9-3,4-9-5,4-9-6,4-9-7,4-9-8,5-1-2,5-1-3,5-1-4,5-1-6,5-1-7,5-1-8,5-1-9,5-2-1,5-2-3,5-2-4,5-2-6,5-2-7,5-2-8,5-2-9,5-3-1,5-3-2,5-3-4,5-3-6,5-3-7,5-3-8,5-3-9,5-4-1,5-4-2,5-4-3,5-4-6,5-4-7,5-4-8,5-4-9,5-6-1,5-6-2,5-6-3,5-6-4,5-6-7,5-6-8,5-6-9,5-7-1,5-7-2,5-7-3,5-7-4,5-7-6,5-7-8,5-7-9,5-8-1,5-8-2,5-8-3,5-8-4,5-8-6,5-8-7,5-8-9,5-9-1,5-9-2,5-9-3,5-9-4,5-9-6,5-9-7,5-9-8,6-1-2,6-1-3,6-1-4,6-1-5,6-1-7,6-1-8,6-1-9,6-2-1,6-2-3,6-2-4,6-2-5,6-2-7,6-2-8,6-2-9,6-3-1,6-3-2,6-3-4,6-3-5,6-3-7,6-3-8,6-3-9,6-4-1,6-4-2,6-4-3,6-4-5,6-4-7,6-4-8,6-4-9,6-5-1,6-5-2,6-5-3,6-5-4,6-5-7,6-5-8,6-5-9,6-7-1,6-7-2,6-7-3,6-7-4,6-7-5,6-7-8,6-7-9,6-8-1,6-8-2,6-8-3,6-8-4,6-8-5,6-8-7,6-8-9,6-9-1,6-9-2,6-9-3,6-9-4,6-9-5,6-9-7,6-9-8,7-1-2,7-1-3,7-1-4,7-1-5,7-1-6,7-1-8,7-1-9,7-2-1,7-2-3,7-2-4,7-2-5,7-2-6,7-2-8,7-2-9,7-3-1,7-3-2,7-3-4,7-3-5,7-3-6,7-3-8,7-3-9,7-4-1,7-4-2,7-4-3,7-4-5,7-4-6,7-4-8,7-4-9,7-5-1,7-5-2,7-5-3,7-5-4,7-5-6,7-5-8,7-5-9,7-6-1,7-6-2,7-6-3,7-6-4,7-6-5,7-6-8,7-6-9,7-8-1,7-8-2,7-8-3,7-8-4,7-8-5,7-8-6,7-8-9,7-9-1,7-9-2,7-9-3,7-9-4,7-9-5,7-9-6,7-9-8,8-1-2,8-1-3,8-1-4,8-1-5,8-1-6,8-1-7,8-1-9,8-2-1,8-2-3,8-2-4,8-2-5,8-2-6,8-2-7,8-2-9,8-3-1,8-3-2,8-3-4,8-3-5,8-3-6,8-3-7,8-3-9,8-4-1,8-4-2,8-4-3,8-4-5,8-4-6,8-4-7,8-4-9,8-5-1,8-5-2,8-5-3,8-5-4,8-5-6,8-5-7,8-5-9,8-6-1,8-6-2,8-6-3,8-6-4,8-6-5,8-6-7,8-6-9,8-7-1,8-7-2,8-7-3,8-7-4,8-7-5,8-7-6,8-7-9,8-9-1,8-9-2,8-9-3,8-9-4,8-9-5,8-9-6,8-9-7,9-1-2,9-1-3,9-1-4,9-1-5,9-1-6,9-1-7,9-1-8,9-2-1,9-2-3,9-2-4,9-2-5,9-2-6,9-2-7,9-2-8,9-3-1,9-3-2,9-3-4,9-3-5,9-3-6,9-3-7,9-3-8,9-4-1,9-4-2,9-4-3,9-4-5,9-4-6,9-4-7,9-4-8,9-5-1,9-5-2,9-5-3,9-5-4,9-5-6,9-5-7,9-5-8,9-6-1,9-6-2,9-6-3,9-6-4,9-6-5,9-6-7,9-6-8,9-7-1,9-7-2,9-7-3,9-7-4,9-7-5,9-7-6,9-7-8,9-8-1,9-8-2,9-8-3,9-8-4,9-8-5,9-8-6,9-8-7
20260922_青森_1R,20260922,12,青森,1,526.6,262.6,438.5,1257.0,0.0,,,659.2,304.1,404.6,906.5,0.0,,,126.3,109.3,115.6,476.1,0.0,,,408.1,213.7,162.8,785.6,0.0,,,1208.7,1745.9,1450.4,1964.1,0.0,,,0.0,0.0,0.0,0.0,0.0,,,,,,,,,,,,,,,,,942.7,419.0,608.2,1924.0,0.0,,,1036.0,345.3,564.5,714.2,0.0,,,216.2,186.3,167.1,384.8,0.0,,,663.9,476.1,396.1,1178.4,0.0,,,1924.0,1745.9,1059.3,2244.7,0.0,,,0.0,0.0,0.0,0.0,0.0,,,,,,,,,,,,,,,,,766.4,311.1,411.6,906.5,0.0,,,1193.4,366.8,637.0,1520.6,0.0,,,194.3,229.3,37.8,340.3,0.0,,,261.8,349.1,41.7,394.4,0.0,,,1813.0,1520.6,1208.7,889.4,0.0,,,0.0,0.0,0.0,0.0,0.0,,,,,,,,,,,,,,,,,44.4,26.7,41.7,120.4,0.0,,,49.3,39.2,51.7,184.4,0.0,,,40.2,52.1,11.0,63.6,0.0,,,19.7,36.9,2.5,85.4,0.0,,,538.7,554.5,422.7,457.6,0.0,,,0.0,0.0,0.0,0.0,0.0,,,,,,,,,,,,,,,,,446.8,230.5,132.7,924.3,0.0,,,557.8,428.5,258.2,1386.4,0.0,,,111.4,221.8,19.8,237.4,0.0,,,39.0,79.8,5.2,142.8,0.0,,,1450.4,1924.0,673.4,703.5,0.0,,,0.0,0.0,0.0,0.0,0.0,,,,,,,,,,,,,,,,,2856.9,2356.9,2417.4,3367.0,0.0,,,2356.9,1496.4,1885.5,3491.8,0.0,,,2244.7,2244.7,792.2,2356.9,0.0,,,1654.0,1714.1,1496.4,1193.4,0.0,,,3367.0,3626.1,1571.3,1366.3,0.0,,,0.0,0.0,0.0,0.0,0.0,,,,,,,,,,,,,,,,,0.0,0.0,0.0,0.0,0.0,,,0.0,0.0,0.0,0.0,0.0,,,0.0,0.0,0.0,0.0,0.0,,,0.0,0.0,0.0,0.0,0.0,,,0.0,0.0,0.0,0.0,0.0,,,0.0,0.0,0.0,0.0,0.0,,,,,,,,,,,,,,,,,,,,,,,,,,,,,,,,,,,,,,,,,,,,,,,,,,,,,,,,,,,,,,,,,,,,,,,,,,,,,,,,,,,,,,,,,,,,,,,,,,,,,,,,,,,,,,,,,,,,,,,,,,,,,,,,
20260922_青森_2R,20260922,12,青森,2,226.4,129.7,95.6,485.7,92.1,,,489.0,833.9,502.6,805.9,858.7,,,236.8,732.3,400.7,913.1,272.2,,,66.9,213.7,138.9,317.0,87.9,,,1288.1,1182.5,1457.2,949.1,1551.2,,,187.3,763.3,213.4,270.1,1154.1,,,,,,,,,,,,,,,,,96.3,46.1,36.6,206.6,30.7,,,162.2,173.1,220.2,151.0,121.6,,,46.9,109.1,119.7,260.8,16.7,,,42.5,161.9,125.5,346.8,69.4,,,433.2,312.9,433.2,693.6,248.7,,,17.4,54.4,5.6,36.4,112.4,,,,,,,,,,,,,,,,,438.5,784.0,435.8,534.3,775.6,,,327.1,268.6,337.0,228.2,169.3,,,824.4,492.3,1202.2,739.8,572.5,,,445.2,428.1,829.1,565.7,767.3,,,303.0,217.6,316.3,412.2,263.2,,,797.0,294.4,366.1,1068.6,577.0,,,,,,,,,,,,,,,,,247.4,901.6,376.6,988.1,310.2,,,161.9,358.8,341.0,630.0,56.7,,,1192.3,559.1,1568.1,2090.8,1127.1,,,532.3,554.8,1348.3,1923.6,641.2,,,2031.9,1551.2,1826.2,2671.6,1428.4,,,233.0,56.2,700.3,439.8,677.3,,,,,,,,,,,,,,,,,34.6,158.0,46.2,123.4,32.7,,,54.4,275.3,89.4,274.8,38.0,,,292.6,448.0,797.0,393.1,479.3,,,195.2,216.6,874.3,961.8,160.1,,,546.4,677.3,690.2,1163.4,751.4,,,94.2,65.4,515.2,60.9,552.7,,,,,,,,,,,,,,,,,1457.2,1243.7,2576.2,1551.2,2326.9,,,1348.3,710.6,1442.7,1502.8,896.0,,,767.3,572.5,739.8,961.8,649.8,,,2219.5,1849.6,1717.5,2774.4,1873.6,,,1585.3,2153.2,1697.3,3278.8,2531.0,,,2671.6,1442.7,1145.0,1518.6,2671.6,,,,,,,,,,,,,,,,,167.3,955.4,187.3,396.3,1487.3,,,51.8,118.5,15.4,71.7,260.4,,,1222.6,314.3,658.7,1222.6,1202.2,,,123.9,26.0,372.7,254.8,304.3,,,317.7,152.3,942.9,265.6,1923.6,,,2623.1,616.5,1502.8,819.7,2576.2,,,,,,,,,,,,,,,,,,,,,,,,,,,,,,,,,,,,,,,,,,,,,,,,,,,,,,,,,,,,,,,,,,,,,,,,,,,,,,,,,,,,,,,,,,,,,,,,,,,,,,,,,,,,,,,,,,,,,,,,,,,,,,,,
20260922_青森_3R,20260922,12,青森,3,222.5,86.6,107.8,571.5,587.0,,,299.2,86.4,199.4,435.1,679.7,,,31.8,17.1,8.1,27.8,116.0,,,58.6,92.8,31.6,352.5,76.1,,,1416.2,891.9,310.1,1136.9,3134.9,,,1391.8,1416.2,774.3,468.6,2646.7,,,,,,,,,,,,,,,,,469.3,170.9,269.0,887.0,1044.9,,,660.3,503.7,542.6,1391.8,1537.6,,,202.0,420.4,253.2,486.2,1136.9,,,187.6,269.7,139.6,440.5,208.7,,,2152.6,3075.2,1793.8,2583.1,5567.2,,,2446.1,2323.0,2306.4,827.9,4612.8,,,,,,,,,,,,,,,,,346.0,88.1,221.7,257.9,697.4,,,515.8,408.7,338.8,815.3,1015.4,,,38.4,231.6,70.3,68.1,343.5,,,266.1,266.1,186.7,471.3,326.8,,,700.4,1467.7,445.9,819.5,1523.1,,,1508.8,1523.1,938.6,861.0,1664.4,,,,,,,,,,,,,,,,,29.9,13.6,9.5,13.3,118.5,,,101.2,248.9,147.2,270.8,503.7,,,25.0,184.8,62.2,56.9,342.4,,,35.6,103.2,61.5,123.9,165.7,,,56.4,282.7,117.2,156.7,641.9,,,587.0,2096.7,1136.9,772.4,1291.5,,,,,,,,,,,,,,,,,85.4,188.9,43.9,611.5,172.4,,,88.0,117.5,58.6,347.2,69.2,,,292.7,231.6,127.7,723.9,278.6,,,35.7,98.1,74.3,352.1,120.4,,,2323.0,2196.5,1328.7,1356.7,2152.6,,,329.1,124.9,262.0,197.0,1187.1,,,,,,,,,,,,,,,,,3398.9,1866.4,595.7,3294.8,5045.2,,,3228.9,3197.0,2226.8,3363.5,7175.5,,,1764.4,3363.5,701.9,1673.0,4193.4,,,388.5,1552.3,727.2,1246.7,2668.5,,,3509.7,4248.6,1945.1,1058.6,3986.3,,,9784.7,9999.9,9225.6,6727.0,6589.7,,,,,,,,,,,,,,,,,4087.3,4363.4,1717.5,2583.1,7338.5,,,3472.0,2989.7,3261.5,999.6,7175.5,,,3472.0,3134.9,2409.6,1736.0,5567.2,,,2391.8,4363.4,2736.4,1736.0,3548.3,,,1814.0,730.5,1072.7,1307.2,4193.4,,,9999.9,9999.9,9784.7,8969.3,7175.5,,,,,,,,,,,,,,,,,,,,,,,,,,,,,,,,,,,,,,,,,,,,,,,,,,,,,,,,,,,,,,,,,,,,,,,,,,,,,,,,,,,,,,,,,,,,,,,,,,,,,,,,,,,,,,,,,,,,,,,,,,,,,,,,
20260922_青森_4R,20260922,12,青森,4,546.3,159.7,169.2,289.5,396.8,,,1193.7,861.3,616.2,817.2,664.9,,,238.7,518.2,189.5,320.5,432.5,,,128.8,155.8,88.1,78.4,78.9,,,177.3,254.1,124.4,69.3,133.6,,,560.4,377.5,462.9,165.5,269.7,,,,,,,,,,,,,,,,,381.3,125.0,128.9,231.8,282.5,,,767.6,513.0,430.6,994.1,588.7,,,77.8,96.7,31.3,99.4,58.6,,,86.9,145.6,35.5,165.5,67.2,,,391.2,698.6,319.1,363.5,708.4,,,395.8,320.5,196.7,147.9,715.1,,,,,,,,,,,,,,,,,1371.9,2387.4,938.7,1773.1,1804.7,,,1579.1,1193.7,987.6,2165.7,1371.9,,,1931.2,1371.9,935.8,1783.5,1034.8,,,676.7,630.3,698.6,1157.2,260.9,,,1906.9,2150.3,2833.6,1981.7,1837.5,,,1247.7,1056.4,839.8,255.8,1227.5,,,,,,,,,,,,,,,,,198.0,725.3,196.1,521.8,358.8,,,117.2,212.3,48.9,159.6,100.2,,,1242.6,672.2,618.7,1430.2,748.6,,,109.5,57.2,211.4,233.4,79.9,,,641.0,464.3,1127.1,521.8,812.8,,,338.3,205.8,382.3,143.0,692.2,,,,,,,,,,,,,,,,,67.4,79.7,39.2,55.0,51.9,,,61.4,111.4,21.3,134.8,49.1,,,214.7,237.6,103.1,348.5,45.4,,,43.2,19.6,48.2,103.0,27.7,,,147.1,264.1,347.3,226.1,227.2,,,34.0,27.7,9.7,15.1,85.4,,,,,,,,,,,,,,,,,402.6,649.2,422.2,305.0,470.0,,,743.1,1390.8,681.3,823.9,1773.1,,,1638.9,1919.0,1493.6,2350.4,1837.5,,,810.7,708.4,1329.8,826.1,1166.1,,,409.1,763.7,1284.7,732.3,744.9,,,1222.5,2105.5,1359.6,1410.2,927.2,,,,,,,,,,,,,,,,,797.9,608.8,653.4,335.4,823.9,,,673.7,528.2,402.1,253.5,1179.7,,,662.0,622.5,453.2,102.0,810.7,,,659.1,400.0,445.2,209.5,944.5,,,152.5,126.5,30.2,91.9,275.1,,,1318.2,1742.5,1161.6,1371.9,795.8,,,,,,,,,,,,,,,,,,,,,,,,,,,,,,,,,,,,,,,,,,,,,,,,,,,,,,,,,,,,,,,,,,,,,,,,,,,,,,,,,,,,,,,,,,,,,,,,,,,,,,,,,,,,,,,,,,,,,,,,,,,,,,,,
20260922_青森_5R,20260922,12,青森,5,309.9,274.5,89.6,166.8,122.1,,,600.7,511.8,400.7,888.0,429.5,,,530.8,556.9,286.9,912.7,434.0,,,50.9,127.4,89.9,124.0,50.8,,,230.5,809.3,833.9,325.6,549.4,,,126.7,180.8,209.0,92.2,427.2,,,,,,,,,,,,,,,,,187.6,224.9,49.8,90.6,60.8,,,226.4,223.8,276.5,158.1,105.7,,,580.5,502.4,602.9,433.4,363.8,,,41.6,204.8,250.8,86.5,68.3,,,29.5,43.7,142.6,32.1,32.5,,,27.6,38.3,114.4,27.9,38.3,,,,,,,,,,,,,,,,,821.4,666.5,653.2,1278.5,486.7,,,722.1,601.8,784.2,587.8,298.4,,,677.5,801.4,809.3,1091.6,285.9,,,764.1,1080.8,892.9,1480.1,657.1,,,1216.9,787.9,1268.6,1618.6,1208.0,,,262.2,225.3,123.8,309.1,513.4,,,,,,,,,,,,,,,,,1020.4,1077.3,767.7,1602.8,1026.8,,,1422.4,1298.7,1422.4,1319.6,838.2,,,1030.0,1363.4,1177.7,1979.4,561.6,,,1039.8,1447.5,1634.7,2527.6,1283.5,,,2547.1,1667.9,2176.0,3129.4,2784.6,,,1080.8,849.0,703.6,1278.5,2416.0,,,,,,,,,,,,,,,,,44.2,80.6,108.6,93.2,43.4,,,75.3,286.7,395.8,178.4,119.5,,,368.3,607.3,623.5,955.1,377.6,,,554.1,925.6,975.0,1564.7,765.9,,,238.7,255.9,683.1,1056.5,416.4,,,66.2,89.4,132.3,299.5,365.5,,,,,,,,,,,,,,,,,182.6,711.2,876.2,368.3,575.4,,,48.7,82.5,235.3,55.5,77.3,,,864.7,384.3,833.9,1110.0,811.3,,,1572.1,641.7,1404.2,1899.3,2003.5,,,326.3,219.2,928.2,1288.5,597.4,,,461.5,198.9,535.1,1102.6,469.4,,,,,,,,,,,,,,,,,60.4,108.1,110.2,47.1,242.8,,,23.0,39.6,106.4,26.1,41.6,,,81.6,68.0,28.3,89.9,177.4,,,251.5,331.9,144.2,329.5,696.1,,,36.0,65.1,108.6,148.1,219.4,,,243.7,111.7,280.1,477.5,265.8,,,,,,,,,,,,,,,,,,,,,,,,,,,,,,,,,,,,,,,,,,,,,,,,,,,,,,,,,,,,,,,,,,,,,,,,,,,,,,,,,,,,,,,,,,,,,,,,,,,,,,,,,,,,,,,,,,,,,,,,,,,,,,,,
20260922_青森_6R,20260922,12,青森,6,209.9,85.1,75.8,169.4,,,,297.4,93.0,171.5,177.2,,,,39.2,37.3,18.4,48.4,,,,50.4,88.1,36.6,94.9,,,,293.6,182.6,113.8,151.9,,,,,,,,,,,,,,,,,,,,,,,,,365.3,139.7,120.5,400.0,,,,746.1,771.1,403.2,783.2,,,,147.7,376.3,125.9,371.6,,,,43.9,82.2,34.8,81.5,,,,748.0,755.5,564.5,406.5,,,,,,,,,,,,,,,,,,,,,,,,,753.6,346.3,403.2,497.8,,,,850.0,882.6,585.5,862.2,,,,445.9,1014.2,522.1,864.7,,,,357.0,370.7,414.4,435.5,,,,409.8,657.5,653.2,451.2,,,,,,,,,,,,,,,,,,,,,,,,,29.6,40.4,13.5,56.1,,,,72.2,233.0,77.8,257.2,,,,207.6,499.5,273.7,454.7,,,,30.1,44.3,88.6,99.5,,,,201.7,400.0,408.7,242.8,,,,,,,,,,,,,,,,,,,,,,,,,25.6,47.1,21.2,61.4,,,,15.1,28.1,14.1,30.4,,,,95.4,77.0,121.1,118.1,,,,17.7,25.1,58.2,59.7,,,,86.7,70.7,129.7,101.2,,,,,,,,,,,,,,,,,,,,,,,,,472.6,321.0,255.0,301.3,,,,613.1,622.0,686.2,408.7,,,,357.4,606.9,489.6,405.4,,,,327.3,496.1,573.1,369.8,,,,262.9,225.8,339.2,273.9,,,,,,,,,,,,,,,,,,,,,,,,,,,,,,,,,,,,,,,,,,,,,,,,,,,,,,,,,,,,,,,,,,,,,,,,,,,,,,,,,,,,,,,,,,,,,,,,,,,,,,,,,,,,,,,,,,,,,,,,,,,,,,,,,,,,,,,,,,,,,,,,,,,,,,,,,,,,,,,,,,,,,,,,,,,,,,,,,,,,,,,,,,,,,,,,
20260922_青森_7R,20260922,12,青森,7,269.4,255.0,129.5,761.8,,,,170.7,70.2,17.7,235.1,,,,207.6,144.8,81.4,339.2,,,,38.6,5.3,19.3,130.1,,,,695.3,578.1,502.2,652.2,,,,,,,,,,,,,,,,,,,,,,,,,370.8,308.4,214.8,957.2,,,,869.7,1023.7,890.7,1819.9,,,,168.9,388.4,111.2,117.4,,,,166.5,488.1,126.6,761.8,,,,1576.6,1978.7,847.2,1831.2,,,,,,,,,,,,,,,,,,,,,,,,,415.2,254.1,58.4,350.1,,,,1020.1,1410.6,1188.8,2397.0,,,,544.9,1244.0,635.4,1184.0,,,,105.0,687.2,467.2,835.2,,,,1364.9,2586.2,2136.4,2498.5,,,,,,,,,,,,,,,,,,,,,,,,,123.1,236.8,131.1,305.2,,,,72.7,155.3,57.2,38.0,,,,468.7,438.0,531.2,835.2,,,,115.2,66.6,256.8,162.2,,,,229.9,143.7,333.1,276.0,,,,,,,,,,,,,,,,,,,,,,,,,21.7,3.2,8.6,79.5,,,,62.6,183.3,41.5,304.2,,,,46.6,242.2,158.8,503.9,,,,35.2,40.0,90.1,79.7,,,,429.7,775.8,1023.7,446.7,,,,,,,,,,,,,,,,,,,,,,,,,912.7,754.0,693.7,1489.0,,,,1797.7,1744.5,999.4,2541.6,,,,915.6,989.3,823.5,2498.5,,,,438.0,378.9,503.1,1096.0,,,,1489.0,2498.5,2456.9,1417.4,,,,,,,,,,,,,,,,,,,,,,,,,,,,,,,,,,,,,,,,,,,,,,,,,,,,,,,,,,,,,,,,,,,,,,,,,,,,,,,,,,,,,,,,,,,,,,,,,,,,,,,,,,,,,,,,,,,,,,,,,,,,,,,,,,,,,,,,,,,,,,,,,,,,,,,,,,,,,,,,,,,,,,,,,,,,,,,,,,,,,,,,,,,,,,,,
20260922_青森_8R,20260922,12,青森,8,631.0,357.2,690.5,567.8,183.4,,,795.2,1074.9,1242.0,424.5,717.3,,,455.3,1015.8,456.4,1074.9,444.9,,,878.7,1224.7,576.2,1119.4,711.5,,,934.8,402.6,1033.8,1163.9,593.7,,,178.8,606.0,458.2,549.2,526.1,,,,,,,,,,,,,,,,,233.5,141.3,241.0,181.4,56.9,,,132.8,97.6,226.0,102.0,54.6,,,50.3,67.9,41.8,222.4,22.8,,,196.3,275.6,128.8,513.8,111.1,,,167.3,134.0,314.6,566.0,150.7,,,12.4,23.8,11.3,37.3,50.6,,,,,,,,,,,,,,,,,442.6,616.6,743.1,197.5,402.1,,,200.9,147.7,353.6,144.7,85.3,,,431.8,210.4,288.8,282.3,315.5,,,704.4,540.7,479.5,520.7,777.6,,,59.8,86.9,99.5,255.8,68.8,,,183.0,75.9,127.9,428.1,100.4,,,,,,,,,,,,,,,,,214.7,504.3,172.8,500.7,230.7,,,88.0,122.6,70.5,274.3,42.9,,,394.4,238.6,293.8,327.5,365.3,,,50.5,58.1,115.8,154.1,63.0,,,460.6,583.8,285.5,387.5,519.9,,,121.9,63.4,231.4,112.9,428.6,,,,,,,,,,,,,,,,,582.9,815.5,262.9,628.7,410.1,,,531.7,594.7,266.8,1242.0,335.7,,,874.3,798.8,642.5,944.8,1301.8,,,92.9,153.6,227.0,227.9,151.9,,,836.9,1859.7,872.2,846.9,1417.3,,,455.3,355.0,1179.5,436.6,1141.2,,,,,,,,,,,,,,,,,483.4,148.8,566.9,608.1,333.4,,,475.6,294.8,815.5,1346.7,401.7,,,80.1,162.3,167.3,297.1,137.5,,,591.7,779.3,353.2,649.7,786.3,,,772.5,1264.3,539.9,809.9,1108.8,,,359.4,355.4,286.2,802.5,1091.6,,,,,,,,,,,,,,,,,70.8,348.7,227.0,361.6,253.9,,,24.8,40.7,27.4,60.3,77.9,,,305.1,113.5,333.4,609.1,243.0,,,182.7,69.6,314.9,199.9,724.7,,,413.5,218.3,746.2,343.5,960.3,,,388.8,284.6,325.1,1018.8,1126.5,,,,,,,,,,,,,,,,,,,,,,,,,,,,,,,,,,,,,,,,,,,,,,,,,,,,,,,,,,,,,,,,,,,,,,,,,,,,,,,,,,,,,,,,,,,,,,,,,,,,,,,,,,,,,,,,,,,,,,,,,,,,,,,,
20260922_青森_9R,20260922,12,青森,9,49.2,31.7,59.7,107.1,18.2,,,62.2,162.5,45.0,283.6,75.5,,,105.9,261.3,281.2,510.2,157.6,,,69.6,44.1,153.1,231.3,58.4,,,353.6,557.8,524.2,556.9,117.4,,,7.5,23.8,39.3,24.9,8.5,,,,,,,,,,,,,,,,,138.8,57.2,155.0,251.9,31.8,,,304.7,273.2,284.3,817.3,391.6,,,56.9,137.5,211.6,292.2,76.1,,,304.9,336.1,310.9,1399.8,503.9,,,796.0,1473.2,1046.9,2297.9,857.6,,,41.2,238.4,93.0,296.8,192.1,,,,,,,,,,,,,,,,,317.1,582.7,195.5,915.7,233.3,,,429.3,279.7,237.2,1043.9,454.4,,,1251.2,571.7,671.6,2647.6,1421.6,,,130.3,98.6,219.7,826.6,197.1,,,1817.7,2297.9,3044.7,2161.9,2064.2,,,333.9,600.9,736.6,417.5,815.5,,,,,,,,,,,,,,,,,337.9,1363.3,1055.9,1943.4,501.1,,,244.5,379.4,528.7,918.0,306.0,,,1854.6,888.9,1295.6,4567.1,2666.9,,,1691.5,1074.6,1074.6,3766.7,2357.2,,,3547.2,3096.3,5005.0,5893.0,3321.5,,,632.1,867.8,2075.9,2502.5,1645.8,,,,,,,,,,,,,,,,,159.4,84.4,343.0,651.2,102.0,,,302.4,224.8,278.4,1421.6,446.1,,,56.7,53.4,138.1,512.4,84.6,,,951.4,572.6,591.2,3019.5,1217.9,,,1953.8,2111.9,2342.1,3233.3,1485.2,,,196.1,348.9,324.7,626.7,675.3,,,,,,,,,,,,,,,,,1568.1,2537.2,2922.9,2555.0,468.4,,,1699.3,3122.8,2899.7,5893.0,1893.1,,,3149.7,3149.7,4248.4,5373.0,2922.9,,,4151.9,4684.2,6089.5,6643.1,3479.7,,,3653.7,5621.0,5708.9,5989.6,3262.2,,,363.9,1522.3,2136.6,2124.2,2388.0,,,,,,,,,,,,,,,,,20.4,57.9,75.6,73.0,18.2,,,50.6,261.1,175.4,362.8,174.5,,,239.2,579.0,797.7,535.7,736.6,,,359.9,533.3,1117.3,1333.4,782.3,,,194.4,411.4,423.8,915.7,501.1,,,98.0,272.6,439.1,378.6,641.0,,,,,,,,,,,,,,,,,,,,,,,,,,,,,,,,,,,,,,,,,,,,,,,,,,,,,,,,,,,,,,,,,,,,,,,,,,,,,,,,,,,,,,,,,,,,,,,,,,,,,,,,,,,,,,,,,,,,,,,,,,,,,,,,
20260922_青森_10R,20260922,12,青森,10,479.8,117.2,127.0,505.3,62.9,,,496.0,304.7,422.7,330.6,324.3,,,37.6,115.4,24.7,109.7,23.2,,,131.2,366.3,79.3,346.0,92.7,,,699.4,647.7,448.6,525.1,465.1,,,37.4,242.3,52.7,69.6,257.8,,,,,,,,,,,,,,,,,680.6,216.2,197.8,779.7,114.0,,,962.6,914.3,584.5,692.0,338.5,,,211.7,1079.0,384.2,970.8,222.3,,,165.8,368.4,217.0,373.8,69.0,,,1176.6,604.7,1138.3,617.8,371.1,,,51.3,112.0,64.4,29.4,142.9,,,,,,,,,,,,,,,,,931.1,563.5,606.3,514.5,639.5,,,1099.8,994.2,645.8,699.4,418.5,,,578.5,751.3,493.3,557.3,658.9,,,623.7,575.6,536.9,418.1,488.0,,,344.6,244.2,359.3,192.5,196.5,,,539.5,207.1,617.0,405.4,374.1,,,,,,,,,,,,,,,,,56.8,142.6,34.4,179.3,38.5,,,143.6,889.3,300.5,1030.1,222.3,,,452.1,862.3,586.7,827.9,755.1,,,83.7,225.1,470.8,603.9,194.6,,,710.3,1492.9,1105.2,1005.1,1118.7,,,88.4,136.9,566.3,182.2,766.5,,,,,,,,,,,,,,,,,174.2,487.0,133.9,545.3,153.2,,,186.7,360.5,215.7,452.1,72.0,,,567.7,450.8,546.6,427.5,394.5,,,140.2,215.2,441.6,533.8,170.5,,,752.6,516.2,427.9,608.7,361.3,,,105.5,41.6,238.6,113.2,272.9,,,,,,,,,,,,,,,,,1304.7,843.2,872.3,1018.6,832.4,,,1257.8,499.2,1275.4,553.2,220.2,,,510.4,298.3,445.9,278.6,255.9,,,996.3,1478.3,933.0,1089.3,1158.6,,,827.9,587.5,425.1,746.4,225.0,,,746.4,182.7,446.8,954.6,195.9,,,,,,,,,,,,,,,,,41.0,202.9,68.3,70.9,335.3,,,18.0,48.7,25.8,11.9,59.5,,,266.9,126.7,412.4,197.2,284.7,,,91.9,88.7,397.6,109.2,425.5,,,66.1,26.0,139.3,85.3,132.6,,,541.4,131.2,361.3,672.5,153.1,,,,,,,,,,,,,,,,,,,,,,,,,,,,,,,,,,,,,,,,,,,,,,,,,,,,,,,,,,,,,,,,,,,,,,,,,,,,,,,,,,,,,,,,,,,,,,,,,,,,,,,,,,,,,,,,,,,,,,,,,,,,,,,,
20260922_青森_11R,20260922,12,青森,11,55.5,50.5,69.2,341.1,22.6,,,138.2,535.1,511.6,445.9,191.3,,,76.4,475.5,508.2,1210.4,136.4,,,263.0,634.7,596.6,1467.4,166.2,,,1324.9,1436.5,2828.4,2843.2,1341.2,,,14.7,61.7,69.1,17.9,317.7,,,,,,,,,,,,,,,,,49.2,29.8,67.3,191.8,17.5,,,59.5,66.9,166.0,87.3,66.0,,,25.2,46.1,84.8,118.6,22.2,,,190.6,334.7,236.7,759.2,146.7,,,549.7,357.9,395.8,1033.8,597.2,,,15.4,58.9,30.8,46.3,205.3,,,,,,,,,,,,,,,,,193.1,786.5,759.2,618.2,309.8,,,152.6,219.4,431.8,173.8,168.5,,,1062.0,519.4,2099.6,1263.6,1309.1,,,1610.3,1151.6,1949.6,1467.4,1337.9,,,606.5,231.6,813.5,730.7,371.8,,,235.4,232.2,911.3,340.1,549.7,,,,,,,,,,,,,,,,,162.1,852.9,822.1,1970.7,334.0,,,84.7,185.3,260.3,429.8,85.1,,,1235.0,448.1,2611.9,1755.3,1644.2,,,1546.4,869.2,2873.1,3927.3,1371.6,,,3688.5,1278.4,2715.9,4788.5,3790.9,,,309.2,175.3,906.8,504.9,1649.2,,,,,,,,,,,,,,,,,603.8,1619.8,1154.1,2587.1,483.9,,,561.6,1269.5,830.8,2284.0,446.3,,,2574.9,1949.6,3499.3,3249.3,2132.4,,,1863.1,1315.4,3955.7,5149.9,1619.8,,,5199.0,4438.2,3688.5,6274.6,3591.4,,,338.6,404.6,1257.8,1120.9,2059.9,,,,,,,,,,,,,,,,,2757.0,2274.5,4264.8,5351.9,2715.9,,,2415.4,1022.2,1869.5,3499.3,2246.4,,,1499.7,787.7,1455.7,1850.5,1321.7,,,6422.3,2332.9,3211.1,5351.9,4788.5,,,6065.5,4626.2,4013.9,6739.4,4438.2,,,2934.9,2858.1,2983.0,4962.7,2437.0,,,,,,,,,,,,,,,,,13.6,78.1,62.9,20.9,258.9,,,16.3,102.4,58.2,52.7,356.3,,,149.9,220.1,678.1,299.1,718.2,,,124.1,111.4,544.2,279.2,1111.8,,,54.4,93.4,302.6,292.3,670.6,,,750.8,1127.8,1755.3,3101.6,1235.0,,,,,,,,,,,,,,,,,,,,,,,,,,,,,,,,,,,,,,,,,,,,,,,,,,,,,,,,,,,,,,,,,,,,,,,,,,,,,,,,,,,,,,,,,,,,,,,,,,,,,,,,,,,,,,,,,,,,,,,,,,,,,,,,
20260922_青森_12R,20260922,12,青森,12,251.9,139.9,147.0,792.5,400.6,,,173.0,76.1,61.3,153.5,208.6,,,65.5,64.8,32.2,319.9,138.9,,,46.8,32.3,16.4,121.2,16.9,,,1149.0,332.3,812.3,403.1,897.3,,,499.2,435.7,353.3,121.8,1188.8,,,,,,,,,,,,,,,,,533.1,238.3,352.3,1511.5,841.7,,,581.1,338.2,720.6,794.5,1674.7,,,133.0,184.7,137.2,419.5,391.0,,,345.6,698.2,324.2,1814.7,662.7,,,2351.9,1649.3,1368.6,3016.1,3901.1,,,1115.5,2254.3,960.9,1238.5,3877.9,,,,,,,,,,,,,,,,,153.2,60.7,43.5,103.2,209.9,,,297.0,185.5,296.6,328.7,598.7,,,61.0,91.5,66.2,100.3,226.4,,,59.6,263.0,110.2,208.2,139.2,,,95.1,218.7,87.8,92.9,445.0,,,583.2,973.8,622.8,455.2,1037.4,,,,,,,,,,,,,,,,,43.9,63.6,23.6,277.8,121.3,,,35.0,63.4,29.2,158.9,103.3,,,67.1,83.5,81.3,163.5,223.4,,,24.1,47.4,80.7,279.4,56.4,,,638.0,529.2,405.4,634.3,1127.1,,,229.6,259.5,469.0,168.9,1087.6,,,,,,,,,,,,,,,,,52.6,40.3,18.4,194.5,12.9,,,194.7,570.9,251.7,1354.4,387.1,,,111.4,497.7,225.3,521.1,270.1,,,48.1,104.5,170.5,619.8,99.7,,,886.3,2262.1,1089.4,1746.6,1267.4,,,50.6,275.4,354.6,173.7,913.7,,,,,,,,,,,,,,,,,2703.2,911.1,2449.2,1585.1,3744.2,,,3410.9,1732.6,2335.1,3540.7,4524.2,,,642.4,776.5,600.4,673.7,1515.1,,,2208.4,1861.4,858.3,2157.2,2882.7,,,1718.9,3521.5,1354.4,2648.3,2377.7,,,4286.1,5616.3,3744.2,4524.2,3924.6,,,,,,,,,,,,,,,,,962.3,1171.7,563.0,322.2,2157.2,,,1435.0,3147.3,1360.1,1441.3,3901.1,,,1624.6,2193.5,1282.4,1171.7,3560.0,,,613.4,979.6,1161.3,439.6,2737.3,,,255.7,788.7,815.3,390.5,1835.1,,,4493.0,4687.0,5050.3,4372.4,3680.7,,,,,,,,,,,,,,,,,,,,,,,,,,,,,,,,,,,,,,,,,,,,,,,,,,,,,,,,,,,,,,,,,,,,,,,,,,,,,,,,,,,,,,,,,,,,,,,,,,,,,,,,,,,,,,,,,,,,,,,,,,,,,,,,
20260922_大宮_1R,20260922,25,大宮,1,277.0,84.6,154.5,1019.1,141.3,,,411.7,159.9,243.7,1443.0,239.7,,,41.5,90.0,8.9,278.6,22.4,,,181.7,309.4,31.9,554.1,170.0,,,2350.6,3036.3,1026.3,1518.1,2556.8,,,83.2,113.8,36.3,102.7,547.9,,,,,,,,,,,,,,,,,235.0,65.0,108.6,628.2,162.6,,,225.9,173.2,210.3,620.1,133.3,,,43.7,179.4,37.1,361.6,139.4,,,119.3,298.6,78.7,585.3,324.5,,,934.2,647.7,569.3,732.3,755.1,,,210.6,152.4,182.6,217.5,567.0,,,,,,,,,,,,,,,,,339.7,159.2,235.4,1337.0,203.2,,,257.0,184.9,222.8,965.1,121.6,,,199.3,364.3,146.1,1362.0,215.2,,,319.6,370.8,209.7,1087.6,256.1,,,2802.7,2143.2,2277.2,2602.5,998.2,,,97.4,70.4,60.6,86.2,312.0,,,,,,,,,,,,,,,,,26.2,76.7,8.5,233.9,30.1,,,54.5,243.7,61.4,714.4,179.7,,,326.0,653.5,346.1,2112.2,630.9,,,18.4,50.7,164.8,385.5,107.4,,,747.4,2208.2,2857.7,1324.9,2857.7,,,87.4,204.9,314.1,172.6,1502.5,,,,,,,,,,,,,,,,,304.2,599.7,59.1,771.1,385.5,,,228.7,622.8,158.7,717.9,522.3,,,571.5,642.0,404.8,2143.2,614.9,,,31.2,117.2,328.9,354.6,296.8,,,2698.9,3036.3,5397.8,1550.4,5205.1,,,562.7,809.6,958.8,476.2,3168.3,,,,,,,,,,,,,,,,,4858.1,4701.3,1844.8,6072.6,3835.3,,,3737.0,2242.2,2602.5,3036.3,1868.5,,,5205.1,3737.0,2857.7,6072.6,2649.8,,,2429.0,4048.4,3939.0,2175.2,6336.6,,,5025.6,4554.4,5397.8,4554.4,6336.6,,,5025.6,2556.8,2802.7,5397.8,6072.6,,,,,,,,,,,,,,,,,124.0,119.1,46.1,138.4,694.0,,,215.2,225.2,191.7,280.2,759.0,,,81.2,87.4,71.3,140.6,389.6,,,66.1,206.1,190.0,113.5,1267.3,,,285.7,487.4,431.1,274.4,1844.8,,,2175.2,2857.7,1868.5,3312.3,3389.3,,,,,,,,,,,,,,,,,,,,,,,,,,,,,,,,,,,,,,,,,,,,,,,,,,,,,,,,,,,,,,,,,,,,,,,,,,,,,,,,,,,,,,,,,,,,,,,,,,,,,,,,,,,,,,,,,,,,,,,,,,,,,,,,
20260922_大宮_2R,20260922,25,大宮,2,12.4,42.1,11.5,126.2,11.4,,,27.6,43.1,96.8,200.5,28.3,,,109.4,72.2,382.3,695.5,134.5,,,42.5,136.7,326.9,301.3,72.6,,,544.8,586.4,1421.3,1021.6,489.7,,,8.9,12.8,49.4,25.3,85.4,,,,,,,,,,,,,,,,,20.0,79.9,19.0,211.2,19.0,,,54.8,130.5,104.6,512.8,111.6,,,311.3,250.0,591.7,1307.6,838.2,,,31.4,56.5,190.3,215.0,62.9,,,934.0,1320.8,2335.1,927.4,1676.5,,,56.8,180.1,529.4,169.8,660.4,,,,,,,,,,,,,,,,,123.0,195.1,291.2,769.2,135.6,,,120.1,251.9,256.4,998.2,274.7,,,259.9,308.4,650.5,817.2,433.0,,,764.7,722.4,1188.7,2564.0,1108.2,,,1406.1,1538.4,1614.4,4358.9,2724.3,,,224.6,455.6,605.4,877.6,1868.1,,,,,,,,,,,,,,,,,822.4,547.1,1320.8,2075.6,660.4,,,947.5,783.0,1767.1,3269.1,1923.0,,,433.0,512.8,1167.5,1437.0,792.5,,,1951.7,2179.4,3189.4,3846.1,3269.1,,,3736.2,4218.3,3041.1,5448.6,4670.2,,,446.3,2615.3,583.7,3632.4,4218.3,,,,,,,,,,,,,,,,,141.2,637.8,1029.6,1469.3,309.8,,,103.7,201.1,348.7,551.7,184.9,,,1199.7,832.9,2377.5,4843.2,2043.2,,,2075.6,1951.7,3534.2,3962.6,6538.3,,,3189.4,1245.4,6538.3,7264.8,3534.2,,,549.4,817.2,2143.7,3846.1,2905.9,,,,,,,,,,,,,,,,,1791.3,2254.6,3113.5,4218.3,1294.7,,,1981.3,2905.9,5230.7,1720.6,3269.1,,,2782.2,3632.4,2467.3,6227.0,3962.6,,,3962.6,5943.9,3962.6,7264.8,4843.2,,,4358.9,2143.7,5029.5,8172.9,4218.3,,,1951.7,3736.2,5448.6,6538.3,5685.5,,,,,,,,,,,,,,,,,53.3,72.3,161.6,124.6,367.3,,,112.9,375.7,1147.0,499.1,1743.5,,,233.0,544.8,734.6,1127.3,3113.5,,,404.8,2254.6,547.1,3041.1,2615.3,,,393.8,889.5,1282.0,2782.2,3441.2,,,1421.3,3189.4,5943.9,6538.3,5230.7,,,,,,,,,,,,,,,,,,,,,,,,,,,,,,,,,,,,,,,,,,,,,,,,,,,,,,,,,,,,,,,,,,,,,,,,,,,,,,,,,,,,,,,,,,,,,,,,,,,,,,,,,,,,,,,,,,,,,,,,,,,,,,,,
20260922_大宮_3R,20260922,25,大宮,3,148.8,92.0,91.0,279.0,63.7,,,396.0,417.3,398.1,982.1,387.6,,,27.1,99.9,8.5,51.6,24.3,,,40.0,131.4,12.7,42.7,39.6,,,419.7,1037.4,169.9,186.2,467.6,,,34.1,146.0,42.9,46.7,243.1,,,,,,,,,,,,,,,,,198.8,205.4,253.5,675.7,85.0,,,194.3,335.5,432.0,417.3,94.1,,,354.9,467.6,787.8,887.4,228.4,,,715.1,1091.2,1124.5,1227.6,698.2,,,1534.5,1002.1,1376.8,1584.0,775.3,,,32.2,29.5,95.0,132.0,235.3,,,,,,,,,,,,,,,,,1142.0,1534.5,1473.2,4092.2,1009.0,,,648.9,1364.0,1488.0,1178.5,297.6,,,1964.2,2198.8,2540.0,3507.6,2074.9,,,2540.0,3426.0,2779.6,3507.6,3981.6,,,5666.1,3069.1,4603.7,3348.2,2678.5,,,805.0,388.7,1458.6,2496.9,2946.4,,,,,,,,,,,,,,,,,67.9,164.0,26.6,146.5,60.6,,,228.0,219.5,412.6,410.3,130.9,,,654.7,346.6,1178.5,1083.2,691.6,,,194.8,533.7,1083.2,401.4,416.1,,,528.0,635.0,1217.5,701.5,591.6,,,88.5,41.9,233.4,183.6,245.9,,,,,,,,,,,,,,,,,281.1,722.1,82.5,188.1,244.7,,,856.5,1964.2,1227.6,1281.0,1116.0,,,2074.9,2728.1,2135.0,2540.0,3069.1,,,243.5,800.6,1733.1,496.0,688.4,,,796.3,1178.5,2232.1,892.8,1990.8,,,373.9,792.0,2415.0,932.4,1713.0,,,,,,,,,,,,,,,,,1430.3,4332.9,1376.8,1188.0,1458.6,,,2266.4,2104.5,2496.9,3348.2,1150.9,,,6138.3,3593.1,4603.7,4464.2,4603.7,,,1315.3,1636.9,2946.4,2198.8,1217.5,,,2338.4,3069.1,3273.8,2376.1,4092.2,,,1227.6,995.4,3273.8,1693.3,3683.0,,,,,,,,,,,,,,,,,24.1,94.1,32.0,43.7,184.1,,,15.4,19.8,38.4,87.3,123.5,,,214.4,111.7,445.0,744.0,1116.0,,,58.0,42.6,216.0,198.0,320.2,,,192.5,364.6,903.8,443.7,932.4,,,547.6,564.4,1636.9,920.7,1292.2,,,,,,,,,,,,,,,,,,,,,,,,,,,,,,,,,,,,,,,,,,,,,,,,,,,,,,,,,,,,,,,,,,,,,,,,,,,,,,,,,,,,,,,,,,,,,,,,,,,,,,,,,,,,,,,,,,,,,,,,,,,,,,,,
20260922_大宮_4R,20260922,25,大宮,4,52.9,20.3,11.2,15.9,17.8,,,152.0,84.7,151.6,247.9,193.0,,,55.5,39.1,68.2,111.9,99.2,,,9.7,42.1,29.7,48.0,3.7,,,94.1,343.6,238.1,209.8,348.5,,,56.3,178.6,119.1,22.7,253.1,,,,,,,,,,,,,,,,,212.1,83.2,42.3,62.1,59.9,,,1561.8,1561.8,3879.4,1718.0,3879.4,,,367.7,841.0,1093.3,626.3,1027.8,,,88.0,1093.3,522.8,432.6,192.7,,,218.2,969.8,592.4,384.2,683.3,,,258.0,1879.1,829.4,339.7,1190.7,,,,,,,,,,,,,,,,,1541.8,985.7,1252.7,2147.5,1908.9,,,2505.4,3006.5,3537.1,3006.5,4454.1,,,775.8,1123.9,1239.8,1582.4,1541.8,,,1768.5,5726.8,3436.0,6681.2,2614.4,,,6681.2,5228.8,4810.5,8017.5,8590.2,,,3644.3,7074.3,5726.8,4454.1,9999.9,,,,,,,,,,,,,,,,,358.9,383.0,466.1,711.6,852.9,,,536.8,1019.1,1794.9,1179.0,2147.5,,,477.2,932.2,865.2,1093.3,1398.4,,,691.1,1971.5,2454.3,3879.4,1113.5,,,2672.5,2733.2,2863.4,7074.3,3758.2,,,1850.2,3006.5,3879.4,2733.2,3758.2,,,,,,,,,,,,,,,,,30.8,190.2,105.3,174.8,12.9,,,106.3,1227.1,610.4,724.4,212.4,,,1103.3,3436.0,2186.6,6681.2,2312.7,,,516.1,1093.3,1541.8,2227.0,890.8,,,993.9,1850.2,4810.5,5466.5,1647.4,,,60.3,210.6,829.4,527.4,904.2,,,,,,,,,,,,,,,,,812.5,2454.3,2863.4,1307.2,3083.6,,,715.8,1879.1,1073.7,1179.0,2454.3,,,7516.4,4625.5,4147.0,9999.9,9999.9,,,6013.1,3436.0,4810.5,9999.9,9999.9,,,1718.0,2454.3,6329.6,7516.4,3083.6,,,3879.4,4295.1,9999.9,9999.9,6329.6,,,,,,,,,,,,,,,,,334.9,1794.9,1002.1,116.1,1541.8,,,490.8,3758.2,1908.9,807.1,2186.6,,,3879.4,7074.3,3644.3,5010.9,9999.9,,,1939.7,2933.2,4147.0,2733.2,6013.1,,,115.1,520.6,2038.3,1541.8,2038.3,,,3644.3,5010.9,9999.9,6329.6,5010.9,,,,,,,,,,,,,,,,,,,,,,,,,,,,,,,,,,,,,,,,,,,,,,,,,,,,,,,,,,,,,,,,,,,,,,,,,,,,,,,,,,,,,,,,,,,,,,,,,,,,,,,,,,,,,,,,,,,,,,,,,,,,,,,,
20260922_大宮_5R,20260922,25,大宮,5,82.0,53.0,243.9,46.8,427.5,,,59.9,21.1,193.6,64.6,49.6,,,20.5,10.3,53.6,20.5,57.7,,,642.4,694.7,390.9,390.9,906.6,,,72.3,122.6,70.5,108.3,809.1,,,486.0,331.1,345.5,991.0,900.2,,,,,,,,,,,,,,,,,140.0,86.3,344.5,79.6,583.7,,,135.5,148.4,380.4,117.7,335.5,,,92.7,131.7,285.3,110.1,286.6,,,743.2,669.3,710.2,273.1,1083.3,,,73.1,90.7,64.9,47.2,206.1,,,1121.4,726.3,1030.9,1111.6,975.8,,,,,,,,,,,,,,,,,51.4,22.4,203.2,88.4,63.7,,,66.1,86.5,243.5,82.6,128.7,,,29.9,81.0,208.2,134.0,86.6,,,658.9,563.1,629.7,466.5,526.0,,,167.1,132.8,213.0,177.8,217.4,,,46.6,75.1,41.3,132.3,74.4,,,,,,,,,,,,,,,,,30.5,17.2,94.3,46.6,75.7,,,89.0,182.6,478.8,227.8,560.7,,,47.2,136.1,359.1,234.9,174.8,,,434.8,1183.7,1111.6,1047.8,1436.4,,,212.3,346.4,466.5,581.0,857.9,,,360.1,1278.3,528.2,1727.5,1172.8,,,,,,,,,,,,,,,,,2412.0,2556.7,1074.2,2324.3,3118.0,,,2061.9,1775.5,1704.5,726.3,2061.9,,,1826.2,1660.2,1597.9,1452.7,1682.1,,,1317.9,2458.4,2779.1,2412.0,3195.9,,,1660.2,676.4,1389.5,1486.5,1775.5,,,3994.9,3551.1,2719.9,4916.9,3759.9,,,,,,,,,,,,,,,,,197.2,354.1,218.5,260.8,1597.9,,,127.2,163.6,169.5,71.9,503.3,,,344.5,283.4,456.5,336.4,852.2,,,278.5,383.9,614.6,509.3,1420.4,,,362.1,191.6,439.3,387.3,881.6,,,1966.7,1452.7,1618.2,1879.9,1265.7,,,,,,,,,,,,,,,,,1966.7,665.8,893.9,3043.8,2166.7,,,2282.8,1151.7,1908.0,2506.6,2282.8,,,332.0,491.6,360.1,726.3,594.6,,,863.7,2204.1,714.1,2840.8,1997.4,,,3759.9,3551.1,1966.7,2663.3,3873.9,,,2905.4,2608.9,1469.4,2367.4,2095.7,,,,,,,,,,,,,,,,,,,,,,,,,,,,,,,,,,,,,,,,,,,,,,,,,,,,,,,,,,,,,,,,,,,,,,,,,,,,,,,,,,,,,,,,,,,,,,,,,,,,,,,,,,,,,,,,,,,,,,,,,,,,,,,,
20260922_大宮_6R,20260922,25,大宮,6,904.7,836.0,845.9,803.1,191.8,,,940.5,461.1,1387.9,831.1,251.2,,,549.8,268.7,1043.4,535.4,163.7,,,1415.4,1722.3,1662.3,1722.3,514.2,,,486.2,383.2,402.6,519.8,115.2,,,34.9,36.7,32.6,69.3,15.1,,,,,,,,,,,,,,,,,893.4,965.9,714.7,910.5,203.6,,,1058.9,850.9,1323.6,2199.3,684.0,,,1099.6,752.4,877.0,2199.3,501.6,,,453.8,571.8,399.3,999.7,174.5,,,2803.1,3665.5,4929.5,3249.0,2071.8,,,98.5,262.3,187.6,105.4,560.6,,,,,,,,,,,,,,,,,1232.3,486.2,1374.5,1091.2,375.2,,,1473.7,772.7,1624.5,2697.3,693.9,,,161.7,238.2,307.4,455.2,119.9,,,2013.4,1624.5,1066.8,2599.2,1336.0,,,2552.8,3971.0,2647.3,4765.2,1681.8,,,225.8,456.7,177.1,664.9,798.6,,,,,,,,,,,,,,,,,608.3,240.6,893.4,571.8,148.4,,,1152.8,551.9,979.1,3324.6,449.5,,,91.8,142.3,183.5,272.3,62.8,,,1323.6,1181.4,740.7,3176.8,1043.4,,,2166.0,4204.6,1722.3,4765.2,1881.0,,,77.0,180.0,75.7,339.5,567.2,,,,,,,,,,,,,,,,,1553.8,2803.1,1786.9,3107.7,1058.9,,,725.6,812.2,652.7,1520.8,424.2,,,2647.3,1520.8,1348.6,3863.7,1681.8,,,1931.8,1254.0,1108.2,4611.5,1401.5,,,5105.6,4929.5,4467.4,7524.1,4204.6,,,861.1,505.1,1361.5,965.9,2697.3,,,,,,,,,,,,,,,,,1520.8,1116.8,1254.0,1444.0,387.4,,,7942.1,4084.5,7524.1,9999.9,5294.7,,,4332.0,5105.6,2749.1,6498.1,3249.0,,,4611.5,5956.5,3041.6,7147.9,3762.0,,,8409.3,8934.8,6498.1,9999.9,4084.5,,,537.4,2199.3,2013.4,2508.0,2859.1,,,,,,,,,,,,,,,,,10.8,12.0,8.0,32.2,5.0,,,33.4,85.6,59.7,34.4,136.8,,,60.0,107.6,36.7,185.6,270.7,,,30.7,54.2,21.9,117.4,175.8,,,168.5,95.8,229.0,164.3,487.9,,,76.6,364.6,443.9,415.5,600.6,,,,,,,,,,,,,,,,,,,,,,,,,,,,,,,,,,,,,,,,,,,,,,,,,,,,,,,,,,,,,,,,,,,,,,,,,,,,,,,,,,,,,,,,,,,,,,,,,,,,,,,,,,,,,,,,,,,,,,,,,,,,,,,,
20260922_大宮_7R,20260922,25,大宮,7,2431.1,6553.5,4710.3,3140.2,2955.5,,,2898.7,5197.6,2644.4,4073.8,4862.3,,,3676.4,5197.6,3864.9,1449.3,5024.4,,,4862.3,3349.6,5024.4,6280.5,7933.3,,,2898.7,3768.3,1061.4,4433.3,4862.3,,,2512.2,5024.4,5582.6,4433.3,6280.5,,,,,,,,,,,,,,,,,415.2,819.1,649.7,517.9,427.0,,,85.5,32.6,4.8,40.7,7.5,,,577.5,140.8,232.9,143.5,128.3,,,268.2,15.5,86.7,118.3,45.5,,,258.5,166.5,183.8,247.5,214.4,,,81.7,5.0,13.4,10.4,30.2,,,,,,,,,,,,,,,,,1196.2,3207.0,1620.7,2471.0,1932.4,,,189.1,83.5,19.7,99.2,27.5,,,1794.4,495.8,646.9,1084.4,1159.4,,,314.0,37.4,149.6,223.6,84.1,,,1395.6,617.7,1322.2,1032.4,1553.9,,,936.2,87.0,512.6,172.8,861.3,,,,,,,,,,,,,,,,,4073.8,4862.3,2392.5,1100.2,3349.6,,,3768.3,1084.4,2554.7,1553.9,1382.8,,,4433.3,1382.8,2184.5,3014.6,3864.9,,,3349.6,3505.4,2740.5,3140.2,2512.2,,,544.1,1011.6,1816.0,2009.7,1693.6,,,5197.6,1620.7,3864.9,3966.6,3076.1,,,,,,,,,,,,,,,,,3966.6,2791.3,2512.2,6029.3,4073.8,,,1603.5,140.6,1092.2,1046.7,291.5,,,697.8,108.7,375.8,504.1,215.6,,,3505.4,2791.3,1345.8,3676.4,4073.8,,,6029.3,2431.1,2392.5,3588.8,3864.9,,,3588.8,412.9,564.5,2644.4,2955.5,,,,,,,,,,,,,,,,,2009.7,2249.7,902.5,1838.2,1752.7,,,1932.4,966.2,1124.8,1773.3,1477.7,,,3588.8,1196.2,2216.6,3014.6,4862.3,,,625.4,1299.4,2093.5,2184.5,2431.1,,,6029.3,2898.7,3140.2,3864.9,5797.4,,,3864.9,1884.1,4710.3,3768.3,6029.3,,,,,,,,,,,,,,,,,1752.7,6280.5,4187.0,7177.7,4567.6,,,345.7,65.7,181.8,104.5,275.0,,,2009.7,148.7,1092.2,415.2,1957.5,,,5197.6,814.7,2598.8,3076.1,3207.0,,,2955.5,360.6,530.7,1884.1,2283.8,,,4306.6,1603.5,3864.9,3140.2,3140.2,,,,,,,,,,,,,,,,,,,,,,,,,,,,,,,,,,,,,,,,,,,,,,,,,,,,,,,,,,,,,,,,,,,,,,,,,,,,,,,,,,,,,,,,,,,,,,,,,,,,,,,,,,,,,,,,,,,,,,,,,,,,,,,,
20260922_立川_1R,20260922,28,立川,1,124.6,91.2,57.8,369.1,147.2,,,141.4,94.5,134.3,849.2,166.0,,,49.0,45.1,42.1,255.4,32.7,,,41.5,87.1,44.6,488.3,75.0,,,1611.2,2028.2,1436.6,1724.0,2077.1,,,57.8,83.4,22.7,46.7,330.2,,,,,,,,,,,,,,,,,168.5,210.7,69.6,435.3,292.7,,,178.4,327.1,66.9,274.5,620.1,,,502.6,604.9,251.6,942.0,1346.8,,,17.2,18.0,57.2,26.6,66.1,,,749.5,459.7,921.9,158.8,1231.4,,,462.2,790.8,1119.4,220.7,1077.5,,,,,,,,,,,,,,,,,165.7,171.3,155.3,857.7,334.1,,,147.1,242.1,75.6,301.9,485.6,,,450.1,582.4,692.3,1499.1,1157.0,,,158.8,98.6,413.4,617.9,516.1,,,2268.4,1379.2,2329.7,1673.8,3831.1,,,522.4,668.2,884.1,613.5,2361.6,,,,,,,,,,,,,,,,,303.5,258.0,239.1,1240.3,228.6,,,718.3,1044.8,510.0,1777.3,2004.6,,,556.1,907.3,897.9,2329.7,1424.8,,,406.6,501.1,912.1,2298.6,1105.1,,,4204.9,3448.0,4788.9,5561.3,4659.5,,,568.9,1706.9,1379.2,1567.2,3315.4,,,,,,,,,,,,,,,,,23.2,46.5,25.6,174.3,46.1,,,9.5,13.7,35.1,31.8,47.7,,,101.4,56.5,200.9,384.8,271.9,,,119.4,169.1,263.2,557.9,425.6,,,1064.2,403.7,1070.8,1581.6,1741.4,,,94.1,125.3,275.4,314.6,917.0,,,,,,,,,,,,,,,,,4925.7,5224.2,4310.0,5387.5,9999.9,,,4310.0,1915.5,3918.2,1064.2,5070.6,,,5224.2,2498.5,4310.0,5070.6,6630.8,,,8209.6,5224.2,5944.8,7495.7,9999.9,,,5224.2,1141.7,4925.7,6630.8,7836.4,,,9577.8,6157.2,7495.7,7183.4,9577.8,,,,,,,,,,,,,,,,,99.0,197.9,59.6,88.5,783.6,,,324.6,533.7,875.1,178.4,884.1,,,501.1,706.5,866.3,650.5,2573.1,,,462.2,1141.7,917.0,963.1,2238.9,,,177.5,174.3,386.5,493.9,1357.4,,,3918.2,3134.5,3918.2,3668.1,3518.4,,,,,,,,,,,,,,,,,,,,,,,,,,,,,,,,,,,,,,,,,,,,,,,,,,,,,,,,,,,,,,,,,,,,,,,,,,,,,,,,,,,,,,,,,,,,,,,,,,,,,,,,,,,,,,,,,,,,,,,,,,,,,,,,
20260922_立川_2R,20260922,28,立川,2,234.9,627.2,393.2,1725.0,391.9,,,89.2,71.0,23.2,428.8,227.0,,,692.1,254.1,269.7,968.9,1155.8,,,237.9,34.1,78.8,700.6,491.8,,,3614.3,1913.4,2277.0,2108.3,3398.5,,,371.4,591.4,1217.6,840.2,2148.1,,,,,,,,,,,,,,,,,492.8,1528.2,896.4,3300.0,722.8,,,336.8,671.6,264.1,1946.1,417.8,,,2148.1,1498.0,1559.6,3348.5,3252.9,,,918.1,477.3,1012.0,3119.2,1121.6,,,5175.1,5992.2,4743.8,5692.6,5692.6,,,580.8,503.7,1549.0,675.6,2710.7,,,,,,,,,,,,,,,,,53.7,56.0,22.2,266.9,119.4,,,70.4,157.9,62.2,493.9,86.3,,,98.1,190.7,25.1,276.6,350.8,,,8.8,18.7,2.8,94.4,62.0,,,1138.5,1614.9,782.4,675.6,2232.3,,,197.8,118.1,386.5,179.1,875.7,,,,,,,,,,,,,,,,,1581.2,491.8,519.8,2678.8,2210.7,,,2396.8,1581.2,1650.0,5175.1,4378.9,,,417.8,810.3,107.3,1132.8,1778.9,,,501.5,1127.2,111.1,1204.7,1946.1,,,4296.3,6325.1,2846.3,2678.8,6697.1,,,3859.3,5295.4,3450.0,4140.0,6900.1,,,,,,,,,,,,,,,,,403.7,77.0,165.0,1331.6,774.5,,,535.7,277.3,530.7,2254.5,822.0,,,23.4,46.5,6.1,178.3,159.6,,,196.1,429.6,40.9,532.0,840.2,,,3036.0,4066.1,1347.3,1638.1,5553.7,,,1331.6,1224.2,696.3,1414.3,3994.8,,,,,,,,,,,,,,,,,8433.5,5838.5,5175.1,7590.1,9999.9,,,9999.9,8757.8,9900.1,9999.9,9999.9,,,4554.0,5295.4,2617.2,2957.2,7345.3,,,8433.5,9999.9,4554.0,4844.7,9999.9,,,9900.1,9999.9,4216.7,3795.0,9999.9,,,9999.9,9999.9,9999.9,9999.9,9999.9,,,,,,,,,,,,,,,,,1044.5,1301.1,1751.5,1778.9,3672.6,,,696.3,535.7,1638.1,831.0,2587.5,,,889.4,516.3,1488.2,658.1,3077.0,,,3398.5,3859.3,3036.0,2776.8,5295.4,,,2051.3,1528.2,834.0,1478.6,4066.1,,,4844.7,7115.7,6325.1,5992.2,6697.1,,,,,,,,,,,,,,,,,,,,,,,,,,,,,,,,,,,,,,,,,,,,,,,,,,,,,,,,,,,,,,,,,,,,,,,,,,,,,,,,,,,,,,,,,,,,,,,,,,,,,,,,,,,,,,,,,,,,,,,,,,,,,,,,
20260922_立川_3R,20260922,28,立川,3,99.8,26.3,49.3,352.8,57.5,,,157.3,143.4,250.4,742.8,119.0,,,10.9,43.6,30.9,90.4,22.6,,,74.0,270.2,106.3,475.1,164.2,,,1187.8,2050.8,830.2,1764.3,1481.1,,,83.8,119.9,88.2,190.1,546.5,,,,,,,,,,,,,,,,,115.3,31.2,54.7,406.6,66.1,,,184.0,216.1,156.3,844.8,142.3,,,32.2,187.3,58.3,339.3,104.5,,,35.1,82.3,33.8,165.0,50.7,,,1395.0,1966.7,1454.2,915.8,1509.1,,,102.4,119.0,117.7,110.8,400.5,,,,,,,,,,,,,,,,,160.2,156.2,276.7,830.2,127.7,,,129.2,133.5,199.6,652.0,86.0,,,139.3,163.8,503.0,963.6,151.6,,,430.0,258.2,612.1,1518.6,384.5,,,2856.5,2307.1,3635.5,3116.2,1379.0,,,57.1,39.6,63.3,138.4,200.9,,,,,,,,,,,,,,,,,20.0,56.6,39.9,97.5,41.6,,,37.5,249.4,77.4,438.6,130.7,,,155.7,356.5,761.7,1889.3,358.6,,,112.5,134.7,722.7,1363.3,449.3,,,655.5,1632.2,2999.3,2856.5,2473.6,,,125.8,220.5,356.5,582.3,1395.0,,,,,,,,,,,,,,,,,149.4,486.7,207.7,679.7,302.9,,,72.5,147.5,63.0,388.2,102.5,,,567.2,376.6,926.4,2181.3,612.1,,,170.4,155.3,860.0,1318.3,574.0,,,3037.3,1845.7,2890.9,3933.5,3037.3,,,569.9,315.3,648.5,733.7,2242.5,,,,,,,,,,,,,,,,,3427.8,5453.3,1777.3,5453.3,4443.4,,,2790.0,3691.5,2666.0,3242.5,3116.2,,,4998.9,4137.0,4284.7,5332.1,2608.1,,,1874.5,3037.3,6855.6,7271.1,5332.1,,,4704.8,3528.6,4896.8,6314.4,4998.9,,,5216.2,3635.5,3076.2,5216.2,6152.5,,,,,,,,,,,,,,,,,160.6,193.8,168.6,352.8,898.6,,,126.8,115.2,157.9,190.1,406.6,,,96.9,69.0,119.2,179.4,238.9,,,191.0,225.9,305.2,528.5,818.9,,,517.1,300.6,436.2,616.8,1262.8,,,2201.3,1689.7,948.4,2329.5,2636.7,,,,,,,,,,,,,,,,,,,,,,,,,,,,,,,,,,,,,,,,,,,,,,,,,,,,,,,,,,,,,,,,,,,,,,,,,,,,,,,,,,,,,,,,,,,,,,,,,,,,,,,,,,,,,,,,,,,,,,,,,,,,,,,,
20260922_立川_4R,20260922,28,立川,4,2136.7,3498.8,2043.1,2717.5,1513.0,,,1727.8,1378.8,1211.7,3217.3,664.8,,,3635.2,3293.0,2332.5,6361.6,1817.6,,,975.3,804.3,1450.3,1771.5,442.8,,,2186.8,3588.6,3998.7,2169.8,1917.2,,,714.0,263.8,575.9,286.2,1017.8,,,,,,,,,,,,,,,,,2104.5,3588.6,1985.1,2275.7,1201.3,,,1727.8,668.0,1171.1,1555.0,371.2,,,4998.4,1878.5,2885.6,3588.6,1841.5,,,1504.8,1332.9,2332.5,1904.1,736.6,,,1428.1,989.0,2028.3,1278.1,634.7,,,585.5,204.1,666.4,393.6,551.0,,,,,,,,,,,,,,,,,1555.0,1255.2,1161.4,2521.7,669.6,,,1406.5,858.6,1133.2,1599.4,370.2,,,1392.5,866.5,1211.7,2332.5,232.6,,,1385.6,1176.0,1590.4,3332.2,626.1,,,3293.0,2239.2,2691.4,4373.6,2073.4,,,124.5,80.9,40.7,97.5,270.4,,,,,,,,,,,,,,,,,4241.0,5089.2,2073.4,5598.2,2691.4,,,4241.0,2521.7,3042.5,5831.4,2392.4,,,4373.6,2372.1,3455.6,6085.0,497.1,,,4910.7,4910.7,4998.4,9999.9,2691.4,,,9996.8,6827.1,9996.8,9999.9,7565.1,,,2332.5,1866.0,496.2,2013.7,4443.0,,,,,,,,,,,,,,,,,781.8,795.2,1064.3,2352.1,663.2,,,1255.2,1147.1,1504.8,2771.3,1006.8,,,2169.8,1646.5,2413.0,5831.4,961.8,,,3782.5,4744.2,4665.1,7366.0,2744.2,,,5598.2,2977.7,7565.1,9999.9,5831.4,,,768.9,775.3,445.7,1442.8,2885.6,,,,,,,,,,,,,,,,,2977.7,5831.4,6827.1,4998.4,2239.2,,,2477.0,1488.8,2827.3,2544.6,1171.1,,,4998.4,2615.9,3413.5,8232.6,3293.0,,,8747.2,6220.2,7366.0,9999.9,7565.1,,,6509.5,4514.6,9999.9,9999.9,7775.3,,,1646.5,1006.8,1278.1,3254.7,3293.0,,,,,,,,,,,,,,,,,44.1,28.1,50.4,19.5,101.5,,,49.5,24.6,72.4,34.3,54.1,,,11.2,8.9,2.8,10.9,31.6,,,97.5,106.4,17.5,94.0,247.2,,,36.3,49.9,45.5,114.8,190.4,,,168.6,45.5,111.0,242.5,198.6,,,,,,,,,,,,,,,,,,,,,,,,,,,,,,,,,,,,,,,,,,,,,,,,,,,,,,,,,,,,,,,,,,,,,,,,,,,,,,,,,,,,,,,,,,,,,,,,,,,,,,,,,,,,,,,,,,,,,,,,,,,,,,,,
20260922_立川_5R,20260922,28,立川,5,912.6,321.2,804.2,660.3,214.9,,,1080.1,428.8,416.1,966.9,358.7,,,185.2,141.3,178.0,156.0,48.4,,,812.2,214.1,320.7,894.5,222.7,,,1052.1,1261.2,641.5,1631.0,380.6,,,92.2,139.6,52.8,130.2,62.0,,,,,,,,,,,,,,,,,1322.8,459.9,1269.1,931.4,290.5,,,1678.1,1238.1,978.6,1854.4,784.0,,,430.2,925.1,810.6,725.2,231.9,,,1167.0,632.5,910.5,1314.3,418.6,,,1424.9,2040.8,1118.7,2030.6,358.1,,,141.1,248.8,117.0,163.5,92.5,,,,,,,,,,,,,,,,,1344.7,562.4,470.5,1797.0,615.3,,,1990.7,1440.1,1097.6,2115.2,1005.2,,,525.3,1245.7,343.8,1611.5,450.2,,,251.3,532.9,189.4,705.0,150.6,,,3328.8,4021.0,3053.5,2800.8,1586.4,,,476.1,634.5,361.3,272.3,492.8,,,,,,,,,,,,,,,,,168.3,124.8,184.9,145.6,43.8,,,260.8,577.6,525.3,355.0,147.8,,,315.0,674.6,286.4,680.2,268.0,,,311.2,624.8,204.8,769.1,199.4,,,420.8,472.2,827.1,1167.0,240.1,,,39.0,59.1,92.9,114.0,46.1,,,,,,,,,,,,,,,,,990.5,278.3,429.3,1015.3,285.1,,,1273.1,666.8,1000.3,1460.8,381.3,,,150.4,364.2,139.1,306.0,69.1,,,405.7,832.2,213.4,1054.8,230.4,,,2538.2,2570.3,1022.9,2307.5,621.9,,,177.5,171.4,60.5,161.4,106.9,,,,,,,,,,,,,,,,,2148.7,2256.2,1281.1,3100.1,684.8,,,1952.5,2361.1,1362.8,2586.7,466.2,,,3100.1,3356.3,2334.0,3248.9,1372.0,,,1234.4,1435.0,2010.5,2986.1,516.0,,,3942.9,3356.3,3100.1,3562.4,1424.9,,,299.2,255.2,549.5,272.2,691.8,,,,,,,,,,,,,,,,,43.1,92.8,33.2,93.5,33.2,,,29.7,65.1,23.4,53.2,17.9,,,121.0,161.0,89.0,74.7,72.0,,,23.8,30.7,55.1,55.5,25.6,,,100.3,82.0,31.5,65.2,45.7,,,26.9,24.9,38.1,25.0,47.7,,,,,,,,,,,,,,,,,,,,,,,,,,,,,,,,,,,,,,,,,,,,,,,,,,,,,,,,,,,,,,,,,,,,,,,,,,,,,,,,,,,,,,,,,,,,,,,,,,,,,,,,,,,,,,,,,,,,,,,,,,,,,,,,
20260922_立川_6R,20260922,28,立川,6,213.9,45.6,71.9,104.3,29.7,,,496.3,309.8,216.7,898.3,224.4,,,52.9,145.0,49.9,146.2,11.5,,,77.9,55.8,38.7,277.7,25.2,,,456.1,1128.4,480.0,848.5,308.0,,,15.9,47.5,5.1,11.3,87.5,,,,,,,,,,,,,,,,,234.0,49.0,90.8,72.4,41.0,,,677.0,1546.2,577.4,998.8,1165.2,,,255.8,1312.7,833.2,491.0,489.5,,,217.0,379.2,557.3,422.6,326.8,,,104.3,399.5,200.1,273.0,182.5,,,127.6,653.6,315.9,277.9,249.1,,,,,,,,,,,,,,,,,1178.0,844.1,420.9,1903.0,685.7,,,1140.4,2614.7,818.3,1796.7,1869.8,,,2347.5,4529.8,2572.9,7309.5,3495.8,,,185.1,304.2,734.2,820.4,350.7,,,3495.8,4873.0,7479.4,3458.2,6068.2,,,962.9,2400.1,2382.3,921.5,4020.2,,,,,,,,,,,,,,,,,408.1,753.2,320.0,749.6,75.7,,,691.6,2871.5,1757.4,1973.1,1302.0,,,2173.0,5105.0,3654.7,7147.0,3458.2,,,657.7,2144.1,1949.2,3613.6,1075.6,,,2950.6,3573.5,7309.5,6842.9,3534.2,,,173.4,1191.1,2115.9,974.6,1719.8,,,,,,,,,,,,,,,,,95.1,56.1,55.3,320.0,47.0,,,190.5,294.7,581.5,512.9,349.5,,,51.1,109.6,211.7,381.9,131.0,,,327.5,1030.8,806.0,2173.0,613.7,,,1213.6,1213.6,1329.0,2400.1,2022.7,,,103.2,242.5,157.0,373.5,853.0,,,,,,,,,,,,,,,,,1037.4,2702.6,1624.3,2725.5,1416.8,,,589.0,1218.2,1404.4,1090.2,1021.0,,,3421.4,3421.4,5105.0,3654.7,5545.1,,,3063.0,2748.8,6184.9,5451.1,4466.9,,,3315.6,2297.2,2977.9,4661.1,4529.8,,,1423.0,1351.3,2636.2,3315.6,4020.2,,,,,,,,,,,,,,,,,55.4,85.0,13.0,35.9,162.7,,,142.2,563.2,320.3,302.8,283.6,,,415.5,1105.2,1178.0,454.9,2202.8,,,103.8,547.9,986.5,498.6,916.2,,,113.9,242.1,166.9,335.0,850.8,,,645.8,719.5,1517.0,1435.7,1903.0,,,,,,,,,,,,,,,,,,,,,,,,,,,,,,,,,,,,,,,,,,,,,,,,,,,,,,,,,,,,,,,,,,,,,,,,,,,,,,,,,,,,,,,,,,,,,,,,,,,,,,,,,,,,,,,,,,,,,,,,,,,,,,,,
20260922_立川_7R,20260922,28,立川,7,463.0,882.4,257.1,604.4,721.6,,,375.7,537.1,115.1,711.6,244.3,,,1325.5,1139.6,359.1,1348.6,1006.0,,,76.2,42.8,69.5,124.9,58.5,,,968.1,1276.2,1378.7,533.4,1250.4,,,599.7,303.9,686.3,204.5,947.3,,,,,,,,,,,,,,,,,417.9,710.0,233.0,399.0,527.0,,,325.1,420.7,168.1,154.1,104.6,,,1057.7,710.0,721.6,318.7,753.2,,,116.8,146.9,361.2,127.6,217.3,,,151.7,86.7,94.4,81.8,102.7,,,547.6,182.9,509.6,348.5,266.7,,,,,,,,,,,,,,,,,194.6,281.5,61.9,398.5,113.9,,,207.8,387.5,134.3,153.1,100.7,,,609.1,644.7,426.0,669.9,276.0,,,28.3,54.0,122.7,114.0,24.6,,,584.9,223.6,430.7,298.9,212.2,,,39.3,49.9,49.7,20.7,66.5,,,,,,,,,,,,,,,,,1397.5,1183.3,609.1,1678.5,1230.4,,,1429.8,1286.8,1087.5,742.4,1463.7,,,1187.8,1559.8,1036.4,1696.9,674.3,,,520.8,1260.6,930.2,1169.8,841.5,,,1366.5,573.0,1183.3,1152.4,1050.5,,,1039.9,1372.6,634.1,1050.5,1397.5,,,,,,,,,,,,,,,,,29.2,14.0,29.2,44.8,18.7,,,55.9,76.5,176.9,75.4,99.7,,,21.3,52.8,116.1,130.5,25.9,,,186.1,356.6,341.6,420.2,323.4,,,174.6,107.9,225.4,334.6,251.9,,,63.6,134.4,50.9,181.0,270.2,,,,,,,,,,,,,,,,,599.7,1240.3,1106.9,626.4,1110.9,,,230.8,125.1,121.9,121.6,147.6,,,1230.4,328.9,802.2,802.2,503.0,,,1002.7,266.2,911.0,787.8,810.6,,,380.3,264.2,737.1,742.4,708.3,,,1260.6,368.1,623.9,1065.0,911.0,,,,,,,,,,,,,,,,,606.7,226.7,610.3,254.1,1127.1,,,625.2,198.7,580.5,462.3,564.6,,,78.1,89.7,68.6,50.7,195.4,,,800.1,740.6,266.0,582.7,1169.8,,,156.9,310.7,82.4,344.3,542.7,,,1403.8,689.3,581.6,1106.9,930.2,,,,,,,,,,,,,,,,,,,,,,,,,,,,,,,,,,,,,,,,,,,,,,,,,,,,,,,,,,,,,,,,,,,,,,,,,,,,,,,,,,,,,,,,,,,,,,,,,,,,,,,,,,,,,,,,,,,,,,,,,,,,,,,,
20260922_立川_8R,20260922,28,立川,8,181.3,81.0,127.1,569.2,327.3,,,248.5,184.3,646.0,690.5,1274.1,,,43.9,53.6,85.4,484.2,408.5,,,172.7,526.3,158.7,1934.2,755.4,,,2184.2,2045.1,1877.6,3777.4,4864.8,,,1084.7,2653.5,1321.3,1689.9,4281.1,,,,,,,,,,,,,,,,,142.2,58.7,49.7,415.3,114.4,,,413.7,444.0,196.9,1180.4,313.5,,,32.9,144.1,13.1,232.5,51.8,,,12.4,57.7,7.6,79.4,7.4,,,1225.5,1672.3,904.4,433.8,739.8,,,95.8,207.6,92.1,31.3,248.3,,,,,,,,,,,,,,,,,952.7,715.1,1707.8,1663.6,2866.8,,,1176.1,1486.4,1103.3,3607.6,2019.3,,,1259.1,1764.1,2432.4,3452.5,4522.2,,,2378.3,1427.0,2071.5,4398.3,3243.2,,,2767.9,5016.9,3210.8,4586.8,6174.6,,,5178.7,3179.0,4338.9,3243.2,8027.0,,,,,,,,,,,,,,,,,21.1,39.6,39.6,324.6,180.6,,,27.3,141.7,15.1,277.7,49.8,,,403.3,693.4,1000.2,2019.3,2058.2,,,66.5,22.2,356.3,635.8,248.3,,,1845.3,1621.6,2945.7,2184.2,2019.3,,,760.8,391.5,1866.7,768.1,1528.9,,,,,,,,,,,,,,,,,135.8,441.6,172.2,1012.8,504.0,,,34.2,137.1,20.5,238.1,26.6,,,1343.4,760.8,1466.1,4522.2,2326.6,,,113.0,39.0,518.7,978.9,336.5,,,5442.0,1279.2,3733.5,3310.1,3243.2,,,817.0,308.1,1528.9,867.7,1337.8,,,,,,,,,,,,,,,,,4013.5,3648.6,3567.5,7644.8,5442.0,,,2309.9,5178.7,2653.5,1589.5,2675.6,,,3733.5,6174.6,2918.9,5945.9,9173.7,,,3868.4,3087.3,3415.7,3690.6,6421.6,,,7831.2,2326.6,8677.9,4338.9,6980.0,,,7297.3,4169.9,9999.9,9999.9,9173.7,,,,,,,,,,,,,,,,,1337.8,3243.2,1663.6,2432.4,6295.7,,,628.3,1427.0,447.8,294.8,1922.6,,,5442.0,2866.8,4338.9,3733.5,8027.0,,,2045.1,673.1,4653.3,2019.3,3276.3,,,1934.2,505.6,2568.6,1646.5,4864.8,,,6552.7,3117.3,8027.0,3868.4,6058.1,,,,,,,,,,,,,,,,,,,,,,,,,,,,,,,,,,,,,,,,,,,,,,,,,,,,,,,,,,,,,,,,,,,,,,,,,,,,,,,,,,,,,,,,,,,,,,,,,,,,,,,,,,,,,,,,,,,,,,,,,,,,,,,,
20260922_立川_9R,20260922,28,立川,9,1795.6,2667.8,1185.7,1858.2,962.6,,,2184.2,1512.1,1338.7,3557.1,1240.8,,,3661.8,2171.5,2184.2,5574.6,2029.9,,,778.1,864.5,1287.9,1556.2,178.7,,,2940.9,4500.0,4293.1,3698.0,3276.3,,,602.4,662.2,980.3,158.6,1228.6,,,,,,,,,,,,,,,,,621.4,965.1,300.4,371.6,327.3,,,350.7,102.7,248.1,136.3,212.7,,,571.9,102.4,436.3,182.3,248.6,,,123.5,246.0,456.6,126.0,81.9,,,81.1,47.6,74.2,64.7,60.4,,,121.6,127.5,175.6,55.1,86.6,,,,,,,,,,,,,,,,,1236.7,689.1,781.3,2008.0,803.2,,,629.8,162.1,372.3,299.5,303.1,,,178.8,74.0,95.3,220.6,71.0,,,436.8,482.5,293.1,1020.5,174.1,,,1986.7,784.6,685.3,1729.1,1582.6,,,283.8,149.2,82.5,101.0,574.6,,,,,,,,,,,,,,,,,1324.4,711.4,862.5,2575.8,950.3,,,826.3,166.0,575.5,348.4,355.3,,,156.5,64.8,103.2,190.9,71.5,,,576.3,996.0,438.9,2305.5,382.2,,,3395.4,804.9,766.9,2964.3,2029.9,,,307.6,222.8,72.4,132.2,651.8,,,,,,,,,,,,,,,,,350.7,369.4,641.7,773.3,80.9,,,303.6,483.8,887.1,578.1,172.2,,,456.6,477.0,429.8,1228.6,185.1,,,1037.5,1447.6,590.0,2940.9,485.7,,,1645.3,1569.3,2305.5,3973.4,1004.0,,,20.7,56.9,48.6,120.7,209.2,,,,,,,,,,,,,,,,,2918.0,3735.0,5574.6,3890.6,3276.3,,,562.5,284.2,371.6,531.3,359.8,,,3698.0,1228.6,1442.1,3334.8,2558.2,,,5047.3,1518.3,1737.2,5187.5,4150.0,,,2363.9,1729.1,3247.8,4914.5,1737.2,,,2305.5,837.4,2052.2,3012.1,1431.0,,,,,,,,,,,,,,,,,72.8,95.7,136.4,22.4,263.7,,,57.7,59.5,100.8,29.7,57.3,,,83.8,50.9,30.8,37.4,229.8,,,125.4,78.7,28.2,55.1,242.5,,,6.8,17.0,16.0,43.4,113.2,,,499.3,210.7,512.3,652.9,312.5,,,,,,,,,,,,,,,,,,,,,,,,,,,,,,,,,,,,,,,,,,,,,,,,,,,,,,,,,,,,,,,,,,,,,,,,,,,,,,,,,,,,,,,,,,,,,,,,,,,,,,,,,,,,,,,,,,,,,,,,,,,,,,,,
20260922_立川_10R,20260922,28,立川,10,282.6,305.6,245.0,1546.6,495.8,,,178.0,61.0,88.4,527.5,369.3,,,238.1,56.9,98.7,309.8,465.9,,,108.5,68.9,66.8,317.7,243.1,,,4130.2,1559.9,1559.9,2329.9,4543.3,,,565.2,570.5,556.6,514.0,2732.8,,,,,,,,,,,,,,,,,422.1,482.0,398.1,2423.1,496.5,,,285.7,122.7,358.4,1038.4,224.2,,,539.2,215.9,567.9,824.1,337.4,,,485.2,627.7,581.5,2257.5,588.1,,,4226.3,2861.9,2391.2,4911.6,2559.6,,,236.1,163.8,151.7,265.8,747.8,,,,,,,,,,,,,,,,,115.0,38.1,58.5,319.9,184.8,,,126.2,61.6,167.3,507.6,122.5,,,8.7,12.2,16.0,17.7,31.7,,,102.6,200.5,85.5,650.2,341.6,,,813.1,934.3,222.1,1078.5,1223.7,,,244.4,164.3,103.4,330.7,773.3,,,,,,,,,,,,,,,,,234.1,35.8,88.5,264.9,365.6,,,364.9,107.3,376.6,529.0,259.6,,,11.6,14.4,16.7,14.7,34.0,,,106.7,328.6,72.9,341.9,594.8,,,454.3,563.5,87.1,443.2,694.9,,,445.9,279.1,119.6,532.1,504.8,,,,,,,,,,,,,,,,,209.7,111.2,96.8,645.5,381.3,,,629.9,827.9,760.3,2329.9,816.7,,,197.1,611.8,179.4,1199.5,755.6,,,173.7,701.6,191.3,793.5,987.6,,,2653.0,5345.0,3747.0,2391.2,4720.3,,,827.9,995.7,1180.0,1195.6,3747.0,,,,,,,,,,,,,,,,,7733.3,2712.4,2712.4,5424.8,8077.0,,,5192.3,2774.5,2391.2,8865.0,5267.6,,,2506.6,3080.2,513.3,4177.7,4432.5,,,2019.2,2524.0,469.5,2596.1,2439.3,,,5862.3,7733.3,6266.6,3563.3,6057.7,,,7901.4,5048.1,5424.8,2907.7,7572.2,,,,,,,,,,,,,,,,,473.8,487.2,472.6,520.7,2163.4,,,240.3,129.5,120.4,270.0,765.1,,,396.7,214.9,128.7,434.7,1044.4,,,464.7,268.2,155.8,542.4,770.0,,,654.8,675.5,747.8,738.7,2375.5,,,4083.8,3274.4,3274.4,2489.4,4226.3,,,,,,,,,,,,,,,,,,,,,,,,,,,,,,,,,,,,,,,,,,,,,,,,,,,,,,,,,,,,,,,,,,,,,,,,,,,,,,,,,,,,,,,,,,,,,,,,,,,,,,,,,,,,,,,,,,,,,,,,,,,,,,,,
20260922_立川_11R,20260922,28,立川,11,489.2,393.3,574.8,548.7,134.8,,,182.3,144.8,100.6,404.1,27.0,,,268.8,290.8,326.9,501.8,65.7,,,473.5,202.3,372.6,1035.2,127.0,,,593.9,978.5,712.3,1511.0,256.8,,,33.1,11.7,12.2,27.9,44.1,,,,,,,,,,,,,,,,,885.7,891.5,1184.4,883.8,424.1,,,942.6,2740.0,785.8,1135.3,887.7,,,2129.5,4110.0,3368.9,2118.5,2758.4,,,1226.8,870.7,2186.2,1383.8,1292.4,,,448.2,701.3,1000.0,759.7,667.2,,,460.7,915.3,1779.2,1280.3,772.5,,,,,,,,,,,,,,,,,126.9,89.6,54.4,222.2,15.0,,,348.0,944.8,354.9,467.5,342.2,,,485.2,1104.8,650.3,2107.7,521.5,,,41.7,130.3,273.4,158.6,36.4,,,519.6,294.8,2140.6,694.2,423.2,,,12.0,113.3,142.9,35.0,130.0,,,,,,,,,,,,,,,,,1260.7,1141.6,1144.8,2245.9,371.6,,,1902.8,3951.9,4193.9,4779.1,2834.5,,,1417.2,3669.7,2935.7,6227.3,1630.9,,,2322.0,4372.4,3314.5,5630.2,2834.5,,,4835.3,4892.9,7754.8,7611.2,4951.8,,,476.8,2956.8,1447.2,2506.1,3637.2,,,,,,,,,,,,,,,,,818.7,288.2,679.3,1663.9,325.1,,,1138.5,696.6,2446.4,1550.9,1313.1,,,136.5,280.9,611.6,544.3,131.2,,,1726.9,4193.9,2075.7,5630.2,2335.2,,,2894.4,1734.2,1467.8,4566.7,3543.1,,,259.1,1037.8,191.2,881.9,2014.7,,,,,,,,,,,,,,,,,958.0,1705.4,1379.2,2309.0,867.1,,,461.8,739.2,1051.1,830.3,714.7,,,1911.6,1177.6,4326.3,1947.9,1630.9,,,4237.1,3702.7,5956.6,6523.9,5012.2,,,3186.1,1876.7,2283.3,5337.7,3483.1,,,1101.8,1205.3,1726.9,3770.7,3067.2,,,,,,,,,,,,,,,,,34.6,8.1,12.3,22.8,41.7,,,181.7,310.4,617.1,474.6,454.1,,,14.1,96.1,132.1,35.3,166.8,,,183.2,787.3,457.1,751.3,1292.4,,,91.8,282.2,73.9,391.8,683.8,,,302.8,447.7,648.2,1141.6,976.2,,,,,,,,,,,,,,,,,,,,,,,,,,,,,,,,,,,,,,,,,,,,,,,,,,,,,,,,,,,,,,,,,,,,,,,,,,,,,,,,,,,,,,,,,,,,,,,,,,,,,,,,,,,,,,,,,,,,,,,,,,,,,,,,
20260922_立川_12R,20260922,28,立川,12,139.3,303.1,46.5,288.6,81.8,,,217.9,228.8,81.1,754.1,343.9,,,502.9,294.8,190.5,1291.7,731.6,,,20.0,24.7,67.2,112.2,45.2,,,529.0,1170.5,1453.5,400.8,1156.2,,,219.7,456.1,780.8,174.1,1087.7,,,,,,,,,,,,,,,,,119.8,249.2,43.8,214.0,62.0,,,164.3,160.6,62.6,240.5,76.0,,,360.2,134.8,198.1,446.5,182.9,,,47.5,49.7,160.3,109.2,35.6,,,202.5,135.3,326.4,83.6,61.8,,,36.0,27.9,82.1,19.0,49.3,,,,,,,,,,,,,,,,,307.9,194.6,116.2,1019.0,540.7,,,289.8,202.2,173.1,447.7,179.4,,,120.2,101.1,81.6,451.1,216.3,,,105.8,177.2,131.8,635.3,240.4,,,1325.4,710.3,907.2,1002.0,1333.4,,,743.9,368.6,522.0,406.4,1325.4,,,,,,,,,,,,,,,,,540.7,272.3,227.6,1633.0,957.1,,,467.7,207.9,292.7,753.2,303.6,,,151.1,114.1,78.2,481.7,253.7,,,260.1,357.8,158.3,1146.2,578.1,,,1974.2,831.9,814.5,1372.1,1574.7,,,1132.4,586.8,589.9,685.3,1811.9,,,,,,,,,,,,,,,,,15.7,18.1,56.4,107.7,37.6,,,44.7,83.6,223.9,203.8,56.6,,,59.8,114.2,111.3,412.5,155.0,,,190.7,330.5,175.5,901.0,503.7,,,343.9,365.4,573.1,999.0,616.3,,,145.3,108.3,202.6,478.5,578.6,,,,,,,,,,,,,,,,,765.4,1463.2,1657.5,643.9,1538.0,,,401.3,314.6,620.4,225.5,157.8,,,1372.1,621.5,831.9,842.5,1200.3,,,1922.6,1111.5,1061.5,1428.4,2010.2,,,538.1,425.0,637.1,1286.7,658.0,,,1469.7,399.3,899.8,1534.5,766.3,,,,,,,,,,,,,,,,,296.0,660.7,993.0,321.0,1407.1,,,91.3,69.3,160.0,53.1,159.2,,,729.9,284.4,649.0,371.3,1222.5,,,1597.5,597.4,913.5,1012.8,1917.0,,,242.5,139.3,243.6,515.0,654.1,,,1797.2,469.7,1463.2,1933.8,1104.1,,,,,,,,,,,,,,,,,,,,,,,,,,,,,,,,,,,,,,,,,,,,,,,,,,,,,,,,,,,,,,,,,,,,,,,,,,,,,,,,,,,,,,,,,,,,,,,,,,,,,,,,,,,,,,,,,,,,,,,,,,,,,,,,
20260922_大垣_1R,20260922,44,大垣,1,16.3,20.6,49.5,28.5,,,,12.7,6.2,60.7,30.8,,,,12.5,4.0,48.3,60.5,,,,94.4,100.2,145.7,242.0,,,,130.2,115.4,206.3,349.7,,,,,,,,,,,,,,,,,,,,,,,,,15.4,31.7,48.8,20.1,,,,131.9,288.4,497.9,247.6,,,,124.1,282.6,273.8,302.8,,,,55.3,186.8,149.0,65.8,,,,38.2,125.3,232.8,88.6,,,,,,,,,,,,,,,,,,,,,,,,,175.1,125.9,616.3,363.4,,,,342.0,768.7,1488.4,1332.5,,,,241.2,773.0,1916.6,1916.6,,,,1520.8,2027.7,2412.3,3253.8,,,,1646.0,2371.4,3587.5,3997.6,,,,,,,,,,,,,,,,,,,,,,,,,76.8,29.8,158.6,192.1,,,,189.5,399.7,516.2,578.1,,,,180.5,550.8,1345.3,653.8,,,,487.5,559.6,1260.5,1119.3,,,,1101.7,1185.7,1472.8,1685.7,,,,,,,,,,,,,,,,,,,,,,,,,295.1,434.5,365.3,858.3,,,,204.2,575.7,407.9,257.1,,,,1457.4,1358.4,2027.7,2855.4,,,,417.6,752.2,1371.7,1841.0,,,,1841.0,914.4,2186.1,2914.9,,,,,,,,,,,,,,,,,,,,,,,,,752.2,874.4,1943.2,2412.3,,,,630.2,1358.4,1589.9,794.9,,,,2293.7,2743.4,3587.5,4997.0,,,,2088.3,2498.5,3497.9,5182.0,,,,2976.9,1110.4,4663.8,5829.8,,,,,,,,,,,,,,,,,,,,,,,,,,,,,,,,,,,,,,,,,,,,,,,,,,,,,,,,,,,,,,,,,,,,,,,,,,,,,,,,,,,,,,,,,,,,,,,,,,,,,,,,,,,,,,,,,,,,,,,,,,,,,,,,,,,,,,,,,,,,,,,,,,,,,,,,,,,,,,,,,,,,,,,,,,,,,,,,,,,,,,,,,,,,,,,,
20260922_大垣_2R,20260922,44,大垣,2,230.7,58.9,133.4,635.0,82.4,,,222.1,198.6,535.0,628.6,46.2,,,24.4,103.5,110.1,414.9,25.6,,,384.5,1030.6,523.9,1770.9,504.9,,,1654.4,1296.2,1164.2,1964.6,604.5,,,18.3,4.1,8.3,57.5,91.9,,,,,,,,,,,,,,,,,1462.0,337.0,694.6,2566.0,338.9,,,2924.0,2245.2,4335.7,6985.3,2619.5,,,228.1,849.5,128.0,679.6,301.5,,,1122.6,2372.3,476.2,1352.0,1132.7,,,5466.7,7858.5,2328.4,3224.0,5029.4,,,403.0,1244.9,687.0,1257.3,3224.0,,,,,,,,,,,,,,,,,1822.2,1122.6,2372.3,1849.0,183.5,,,2857.6,2993.7,5029.4,6286.8,2465.4,,,1533.3,2514.7,5466.7,8981.1,1770.9,,,5029.4,5466.7,5029.4,9999.9,6617.6,,,2733.3,8382.4,9672.0,9999.9,5466.7,,,148.4,1175.1,1309.7,2675.2,3492.6,,,,,,,,,,,,,,,,,67.5,363.3,265.8,1022.2,61.6,,,91.7,509.0,70.8,748.4,123.6,,,997.9,1591.5,2619.5,5239.0,1143.0,,,1462.0,539.6,4191.2,4056.0,2095.6,,,3398.2,2794.1,5466.7,5466.7,4836.0,,,84.2,259.7,359.2,714.4,1746.3,,,,,,,,,,,,,,,,,1056.6,4656.8,1612.0,7396.2,2245.2,,,2418.0,6617.6,1056.6,4191.2,2131.1,,,5239.0,7858.5,4656.8,9999.9,8981.1,,,2372.3,1220.7,6617.6,8382.4,4490.5,,,8981.1,6985.3,8382.4,9999.9,9999.9,,,2857.6,5029.4,6617.6,6286.8,9999.9,,,,,,,,,,,,,,,,,6286.8,3492.6,4836.0,6985.3,1876.6,,,8382.4,4191.2,3810.1,6286.8,7396.2,,,3143.4,9672.0,5029.4,7858.5,5715.2,,,6286.8,3308.8,9999.9,8981.1,7396.2,,,9999.9,6985.3,8382.4,8382.4,7858.5,,,1934.4,7858.5,7858.5,9672.0,9999.9,,,,,,,,,,,,,,,,,21.8,3.9,10.0,102.5,100.1,,,146.3,319.9,358.2,672.3,1849.0,,,29.0,213.8,165.6,735.2,811.2,,,49.7,215.6,209.2,735.2,1445.2,,,811.2,2286.1,1934.4,3066.7,8382.4,,,917.7,5029.4,3224.0,5029.4,5466.7,,,,,,,,,,,,,,,,,,,,,,,,,,,,,,,,,,,,,,,,,,,,,,,,,,,,,,,,,,,,,,,,,,,,,,,,,,,,,,,,,,,,,,,,,,,,,,,,,,,,,,,,,,,,,,,,,,,,,,,,,,,,,,,,
20260922_大垣_3R,20260922,44,大垣,3,1219.2,634.6,567.2,514.4,107.4,,,4075.0,5339.6,3366.3,4692.4,1779.8,,,1200.3,3686.9,2212.1,2538.5,703.8,,,986.3,1888.4,2921.7,1865.6,778.1,,,759.0,2150.6,1843.4,1258.9,204.5,,,47.3,253.0,207.8,120.7,47.5,,,,,,,,,,,,,,,,,507.7,216.2,307.2,248.5,42.8,,,1503.4,1238.8,1039.2,2180.9,703.8,,,158.0,424.2,223.7,496.3,62.3,,,710.3,584.3,653.3,1503.4,339.5,,,658.9,2624.5,1518.1,1683.1,517.8,,,16.4,153.1,33.4,55.7,104.3,,,,,,,,,,,,,,,,,7742.5,6452.0,3519.3,4075.0,3097.0,,,5735.1,4075.0,2977.8,6732.6,2064.6,,,9999.9,6452.0,6452.0,9999.9,8150.0,,,2346.2,2580.8,3160.2,4995.1,1888.4,,,8602.7,9999.9,9999.9,9999.9,9999.9,,,2538.5,2382.3,5530.3,2092.5,6452.0,,,,,,,,,,,,,,,,,1548.5,5530.3,2497.5,3097.0,748.0,,,778.1,1301.2,874.8,1630.0,357.6,,,7742.5,5339.6,5530.3,9999.9,7038.6,,,3871.2,2765.1,4301.3,9999.9,6452.0,,,9999.9,7038.6,9999.9,9999.9,9999.9,,,1279.7,486.9,3519.3,1200.3,3366.3,,,,,,,,,,,,,,,,,1191.1,2977.8,2346.2,3686.9,737.3,,,2037.5,2064.6,1005.5,5955.7,865.0,,,1720.5,1630.0,2092.5,3294.6,1025.4,,,4554.4,3601.1,5339.6,8602.7,6452.0,,,5339.6,5161.6,9999.9,9999.9,5161.6,,,874.8,710.3,1060.6,2580.8,2419.5,,,,,,,,,,,,,,,,,1720.5,4692.4,5161.6,2867.5,367.8,,,2037.5,4995.1,5735.1,5339.6,1358.3,,,9999.9,9999.9,9678.1,9999.9,9999.9,,,7373.8,5955.7,6452.0,6732.6,5530.3,,,7038.6,8602.7,9999.9,9999.9,6452.0,,,240.0,710.3,2624.5,3160.2,1301.2,,,,,,,,,,,,,,,,,6.1,51.2,45.1,23.9,3.6,,,9.0,58.3,12.8,21.4,40.6,,,237.5,219.3,443.6,138.7,475.0,,,239.3,83.8,390.0,236.7,582.1,,,77.0,92.6,53.3,250.9,125.7,,,19.0,83.6,261.5,268.3,111.8,,,,,,,,,,,,,,,,,,,,,,,,,,,,,,,,,,,,,,,,,,,,,,,,,,,,,,,,,,,,,,,,,,,,,,,,,,,,,,,,,,,,,,,,,,,,,,,,,,,,,,,,,,,,,,,,,,,,,,,,,,,,,,,,
20260922_大垣_4R,20260922,44,大垣,4,1028.2,2659.2,586.4,3427.5,2203.4,,,1049.2,2856.2,147.1,995.0,1623.5,,,4058.9,6706.0,2268.2,7010.8,9639.9,,,141.2,39.3,645.3,198.7,315.4,,,3024.2,1713.7,5932.2,833.7,5141.3,,,782.9,1752.7,4975.4,1049.2,4673.9,,,,,,,,,,,,,,,,,1497.4,2856.2,775.0,4673.9,1557.9,,,1880.9,2705.9,1676.5,5712.5,3954.8,,,1658.4,1977.4,886.4,1341.2,896.7,,,351.3,545.0,374.3,1151.0,396.5,,,4975.4,7344.7,2268.2,2409.9,2487.7,,,682.4,1001.5,345.8,497.5,782.9,,,,,,,,,,,,,,,,,1814.5,4284.4,166.7,1233.9,2448.2,,,1927.9,4406.8,1307.1,7010.8,3281.6,,,9072.8,8568.8,5318.5,9639.9,9999.9,,,65.5,720.7,1264.2,471.6,838.2,,,1658.4,5508.5,8117.8,1329.6,3855.9,,,2910.1,4168.6,9639.9,1836.1,8117.8,,,,,,,,,,,,,,,,,4536.4,9999.9,2372.9,5508.5,4975.4,,,4673.9,6426.6,2448.2,4819.9,2084.3,,,9999.9,9639.9,9639.9,9999.9,9999.9,,,2528.5,2372.9,7344.7,4406.8,9999.9,,,9999.9,6706.0,9999.9,7344.7,9999.9,,,8568.8,2910.1,7344.7,7010.8,6706.0,,,,,,,,,,,,,,,,,15.5,1.9,72.4,19.8,37.1,,,43.7,55.5,30.8,81.6,33.5,,,5.1,51.5,115.0,35.5,69.4,,,345.8,191.6,443.2,378.9,428.4,,,77.6,139.0,79.2,249.5,215.1,,,71.3,49.5,96.7,176.8,236.2,,,,,,,,,,,,,,,,,4284.4,1590.0,8117.8,701.0,5318.5,,,4284.4,4058.9,3024.2,2268.2,2804.3,,,1658.4,4058.9,4406.8,1001.5,5318.5,,,8568.8,5141.3,7010.8,5508.5,8117.8,,,401.6,1274.7,593.2,2203.4,1658.4,,,8117.8,3281.6,7010.8,8117.8,4168.6,,,,,,,,,,,,,,,,,1772.8,1557.9,2336.9,1243.8,4168.6,,,1063.7,2003.1,616.9,701.0,1952.3,,,2448.2,4284.4,4819.9,2487.7,5712.5,,,7010.8,2856.2,9639.9,9072.8,9999.9,,,682.4,771.1,1341.2,2966.1,2336.9,,,7711.9,4819.9,8117.8,8568.8,5508.5,,,,,,,,,,,,,,,,,,,,,,,,,,,,,,,,,,,,,,,,,,,,,,,,,,,,,,,,,,,,,,,,,,,,,,,,,,,,,,,,,,,,,,,,,,,,,,,,,,,,,,,,,,,,,,,,,,,,,,,,,,,,,,,,
20260922_大垣_5R,20260922,44,大垣,5,1340.2,1844.7,329.2,1429.6,1009.1,,,1191.3,1618.4,182.5,593.6,386.3,,,2723.1,2486.3,610.5,1768.6,1361.5,,,66.4,38.7,139.3,23.9,12.2,,,813.0,462.4,1143.7,96.5,198.3,,,377.0,181.3,461.1,34.5,102.7,,,,,,,,,,,,,,,,,4765.5,7148.2,1665.6,5915.7,3729.5,,,6354.0,6862.3,5915.7,9999.9,9999.9,,,9531.0,9999.9,5915.7,9999.9,9999.9,,,1270.8,4184.3,4636.7,2767.0,1864.7,,,6862.3,8577.9,8577.9,5198.7,8577.9,,,4765.5,9531.0,9999.9,3299.1,9029.3,,,,,,,,,,,,,,,,,4636.7,6354.0,720.8,1825.0,1545.5,,,6598.3,7798.0,4184.3,4765.5,9531.0,,,9531.0,9531.0,6354.0,9029.3,9531.0,,,644.9,3063.5,3501.1,1573.9,1199.7,,,3119.2,8169.4,9999.9,2812.4,3899.0,,,2318.3,7459.0,9531.0,1825.0,3729.5,,,,,,,,,,,,,,,,,4398.9,7459.0,2066.9,4901.6,3729.5,,,7148.2,7459.0,6598.3,9999.9,9999.9,,,9999.9,9999.9,9999.9,9999.9,9999.9,,,2318.3,6127.0,6127.0,5045.8,3501.1,,,9999.9,9999.9,9999.9,7798.0,9999.9,,,5915.7,9999.9,9999.9,5045.8,5718.6,,,,,,,,,,,,,,,,,20.2,15.0,86.8,8.9,5.4,,,105.3,357.4,980.3,256.0,199.4,,,32.6,216.6,813.0,96.8,67.8,,,291.7,1383.5,1199.7,790.5,411.4,,,12.4,86.1,60.3,335.0,24.9,,,7.3,69.3,37.0,153.7,19.8,,,,,,,,,,,,,,,,,1864.7,1183.1,2199.4,276.2,507.5,,,4514.6,5361.1,8169.4,3989.7,8577.9,,,2907.7,6354.0,4288.9,2318.3,3650.1,,,9999.9,9999.9,7148.2,5361.1,7798.0,,,182.5,832.8,640.1,1417.8,233.0,,,564.3,3236.9,1825.0,2680.5,368.1,,,,,,,,,,,,,,,,,515.1,254.9,539.4,45.8,101.3,,,2599.3,3989.7,6354.0,1649.5,5045.8,,,619.3,2599.3,2486.3,626.1,1225.4,,,2144.4,5045.8,2859.3,1825.0,2680.5,,,32.1,249.7,130.8,332.4,62.8,,,268.8,1361.5,816.9,1885.2,192.3,,,,,,,,,,,,,,,,,,,,,,,,,,,,,,,,,,,,,,,,,,,,,,,,,,,,,,,,,,,,,,,,,,,,,,,,,,,,,,,,,,,,,,,,,,,,,,,,,,,,,,,,,,,,,,,,,,,,,,,,,,,,,,,,
20260922_大垣_6R,20260922,44,大垣,6,3262.4,3327.6,5041.9,1733.1,690.3,,,8757.0,9999.9,9999.9,8319.2,7923.0,,,3961.5,9999.9,4893.6,5546.1,2683.6,,,6655.3,7562.9,5942.3,2599.7,1459.5,,,2054.1,9999.9,3781.4,5367.2,1094.6,,,291.3,3697.4,844.5,2310.8,397.0,,,,,,,,,,,,,,,,,3869.4,1715.3,3025.1,875.7,357.8,,,7562.9,6399.4,9787.3,5546.1,3697.4,,,2520.9,6399.4,2868.6,799.9,485.0,,,1770.0,8319.2,4621.7,2683.6,1331.0,,,560.2,2106.1,470.0,1027.0,97.0,,,80.6,460.8,74.0,182.8,36.2,,,,,,,,,,,,,,,,,9999.9,9999.9,9999.9,7923.0,9787.3,,,9999.9,9999.9,7562.9,7234.1,5942.3,,,9999.9,9999.9,9787.3,9787.3,9787.3,,,9243.5,9787.3,9999.9,9999.9,9999.9,,,9999.9,8757.0,9999.9,9999.9,9243.5,,,8757.0,5199.5,8757.0,9999.9,8757.0,,,,,,,,,,,,,,,,,4159.6,8319.2,4496.8,5041.9,2411.3,,,5041.9,6399.4,8757.0,1697.8,894.5,,,9999.9,9999.9,9999.9,9999.9,9999.9,,,5737.3,6399.4,8757.0,9999.9,5367.2,,,8757.0,1599.8,9999.9,9999.9,1147.4,,,1554.9,463.4,2773.0,1912.4,613.9,,,,,,,,,,,,,,,,,5942.3,6162.3,3869.4,2919.0,1124.2,,,6655.3,9999.9,5942.3,5737.3,3081.1,,,9999.9,9999.9,7562.9,9999.9,9787.3,,,5367.2,7234.1,9999.9,9787.3,5367.2,,,7234.1,6655.3,9999.9,9999.9,2279.2,,,2054.1,2079.8,5942.3,4058.1,2343.4,,,,,,,,,,,,,,,,,1131.8,4621.7,2919.0,3081.1,515.1,,,696.1,2343.4,594.2,831.9,144.5,,,9787.3,6655.3,5367.2,9999.9,5737.3,,,3025.1,799.9,5041.9,5367.2,607.2,,,1584.6,2641.0,9787.3,7562.9,2106.1,,,162.4,40.3,681.9,125.8,294.4,,,,,,,,,,,,,,,,,16.5,264.9,75.2,133.4,32.5,,,10.6,63.5,8.6,29.7,3.9,,,708.0,271.4,844.5,919.2,399.9,,,67.0,21.3,257.1,132.3,29.1,,,197.3,64.9,541.9,198.5,90.0,,,18.6,4.8,109.1,15.0,42.2,,,,,,,,,,,,,,,,,,,,,,,,,,,,,,,,,,,,,,,,,,,,,,,,,,,,,,,,,,,,,,,,,,,,,,,,,,,,,,,,,,,,,,,,,,,,,,,,,,,,,,,,,,,,,,,,,,,,,,,,,,,,,,,,
20260922_大垣_7R,20260922,44,大垣,7,176.2,32.5,86.6,107.7,67.0,,,281.0,122.5,611.9,243.8,812.9,,,11.5,36.0,27.1,9.4,58.4,,,122.1,318.9,83.7,229.3,361.3,,,118.5,152.0,38.6,256.3,354.3,,,215.9,816.9,213.1,556.5,524.8,,,,,,,,,,,,,,,,,264.0,63.2,93.7,276.4,65.9,,,573.8,801.1,390.2,1256.3,241.4,,,79.4,361.3,88.6,414.6,83.8,,,47.1,159.0,64.1,335.7,15.3,,,801.1,2674.8,1011.2,1228.4,863.7,,,71.9,81.6,99.3,26.0,385.6,,,,,,,,,,,,,,,,,774.9,579.8,1370.5,987.1,1507.6,,,947.6,1370.5,863.7,2369.1,549.1,,,764.2,1098.2,1417.4,2126.1,1764.2,,,1951.0,1076.8,1974.3,4606.7,2335.8,,,1822.4,4146.0,3685.3,5528.0,3316.8,,,2153.7,1359.3,3856.7,2810.8,3189.2,,,,,,,,,,,,,,,,,13.5,73.4,30.4,16.7,64.1,,,47.3,269.2,76.7,299.3,50.5,,,353.6,516.6,987.1,1083.9,911.2,,,92.3,57.1,451.8,484.9,176.0,,,194.8,652.9,1049.6,1348.3,981.3,,,225.6,175.6,740.3,412.5,993.0,,,,,,,,,,,,,,,,,74.0,349.8,74.7,152.7,239.3,,,44.0,205.7,59.5,163.7,22.4,,,1063.0,583.9,882.1,1594.6,1348.3,,,121.8,83.7,550.9,600.8,225.9,,,1143.7,1011.2,3316.8,1610.1,2764.0,,,567.9,189.3,1036.5,541.9,1974.3,,,,,,,,,,,,,,,,,821.0,1005.1,221.4,1442.1,1337.4,,,1594.6,3685.3,1564.5,2591.2,1974.3,,,1928.3,3685.3,1951.0,7210.5,3251.8,,,362.8,1326.7,1745.7,2153.7,2335.8,,,2591.2,2718.7,6378.5,4146.0,5182.5,,,3129.0,3251.8,3685.3,5182.5,5182.5,,,,,,,,,,,,,,,,,614.2,1521.4,609.7,1295.6,1802.6,,,320.7,501.0,414.6,182.6,1285.5,,,2512.7,1467.6,3455.0,2403.5,3316.8,,,632.9,507.1,2182.1,975.5,1822.4,,,1467.6,425.2,1675.1,1056.3,4252.3,,,3129.0,2369.1,4044.9,2859.3,5528.0,,,,,,,,,,,,,,,,,,,,,,,,,,,,,,,,,,,,,,,,,,,,,,,,,,,,,,,,,,,,,,,,,,,,,,,,,,,,,,,,,,,,,,,,,,,,,,,,,,,,,,,,,,,,,,,,,,,,,,,,,,,,,,,,
20260922_大垣_8R,20260922,44,大垣,8,943.4,123.1,326.8,2000.1,456.6,,,1526.8,732.6,225.2,2000.1,873.4,,,74.4,210.9,44.6,735.3,48.3,,,156.5,13.5,22.5,373.1,30.3,,,4444.7,4255.5,2381.0,1574.8,3921.7,,,704.2,444.4,146.8,126.0,1612.9,,,,,,,,,,,,,,,,,2564.2,366.3,854.7,2631.7,1265.8,,,5405.7,2817.0,4255.5,9524.3,6896.9,,,340.7,1818.2,449.4,1273.9,388.3,,,746.3,1695.0,645.1,3390.0,1680.7,,,8000.4,9999.9,4348.0,9524.3,9999.9,,,1960.8,6250.3,680.3,1980.3,5128.5,,,,,,,,,,,,,,,,,4000.2,1515.2,426.4,5128.5,2353.0,,,4545.7,4651.4,3508.9,9999.9,6060.9,,,1515.2,4651.4,563.4,5000.2,1801.9,,,299.4,1834.9,434.8,2197.9,1105.0,,,9091.4,9999.9,8000.4,5714.6,8333.8,,,2985.2,6667.0,2666.8,1587.3,8696.1,,,,,,,,,,,,,,,,,81.9,165.0,31.3,507.6,35.9,,,116.4,435.7,100.2,506.3,73.6,,,368.3,1010.1,204.5,1562.5,276.2,,,23.9,83.1,49.4,320.5,19.9,,,1234.6,1117.3,2040.9,1069.5,743.5,,,21.2,43.5,27.6,6.4,91.4,,,,,,,,,,,,,,,,,100.0,10.6,9.3,187.8,42.7,,,255.1,647.2,308.1,2040.9,754.7,,,44.2,445.4,60.2,578.0,218.8,,,18.4,151.1,43.7,460.8,44.0,,,939.0,3636.5,1754.4,1492.6,2666.8,,,140.1,823.0,235.8,134.3,1562.5,,,,,,,,,,,,,,,,,2174.0,8000.4,5555.8,3508.9,9999.9,,,2353.0,9524.3,4762.1,8696.1,9091.4,,,9999.9,9999.9,4348.0,7143.2,9999.9,,,9091.4,6060.9,3921.7,3390.0,3448.4,,,2666.8,6250.3,4348.0,2325.7,6451.9,,,9999.9,8000.4,9999.9,5714.6,8696.1,,,,,,,,,,,,,,,,,1626.1,1724.2,383.1,477.3,4166.9,,,2197.9,4166.9,692.0,1562.5,5405.7,,,3174.7,5882.6,1562.5,1538.5,4878.3,,,152.7,252.5,216.9,59.6,520.8,,,428.2,1369.9,501.2,225.7,2985.2,,,9999.9,6667.0,6896.9,2353.0,4878.3,,,,,,,,,,,,,,,,,,,,,,,,,,,,,,,,,,,,,,,,,,,,,,,,,,,,,,,,,,,,,,,,,,,,,,,,,,,,,,,,,,,,,,,,,,,,,,,,,,,,,,,,,,,,,,,,,,,,,,,,,,,,,,,,
20260922_大垣_9R,20260922,44,大垣,9,146.8,53.1,117.9,90.9,23.2,,,243.9,292.2,522.6,106.2,126.1,,,75.3,255.2,89.3,226.6,78.6,,,201.4,443.5,169.3,245.9,180.8,,,97.1,78.9,147.0,168.5,51.9,,,9.1,30.8,18.8,55.9,21.4,,,,,,,,,,,,,,,,,137.5,48.0,105.7,169.5,57.3,,,344.3,225.4,545.4,173.2,575.8,,,42.4,90.3,29.7,128.3,89.1,,,394.6,1236.8,233.5,964.9,1111.5,,,133.9,155.9,133.3,333.2,384.3,,,104.1,535.4,199.3,542.0,382.6,,,,,,,,,,,,,,,,,473.3,573.9,1077.4,202.3,347.7,,,496.1,357.6,1372.0,206.3,801.9,,,891.5,688.7,1228.1,542.0,1908.9,,,2141.7,2223.1,1929.9,1382.8,2545.3,,,110.0,126.1,155.8,494.7,236.0,,,420.1,924.3,1245.5,2042.1,458.5,,,,,,,,,,,,,,,,,104.2,545.4,142.4,395.5,175.6,,,57.7,262.9,44.8,208.0,116.3,,,757.0,605.6,1027.0,731.7,1888.4,,,181.0,103.6,581.5,424.2,388.5,,,509.0,376.0,643.3,392.0,1140.4,,,221.1,225.7,1033.0,365.1,1021.0,,,,,,,,,,,,,,,,,1611.2,2661.0,1186.6,2976.7,1688.7,,,1738.8,2545.3,750.5,2661.0,3584.2,,,3193.2,2879.1,2251.6,2405.8,4503.2,,,964.9,572.0,2251.6,2280.8,1908.9,,,2508.9,2879.1,1848.7,2545.3,3991.5,,,2223.1,3252.3,4621.7,2508.9,4283.5,,,,,,,,,,,,,,,,,93.1,73.9,126.9,171.6,73.2,,,122.8,95.2,93.0,337.0,281.0,,,43.5,48.6,58.8,129.9,114.8,,,244.2,155.2,203.0,238.6,548.8,,,414.2,975.7,832.3,750.5,1756.2,,,109.0,309.7,257.1,423.1,805.6,,,,,,,,,,,,,,,,,23.8,57.1,38.5,117.7,44.2,,,72.7,384.3,213.9,601.4,298.6,,,225.7,483.8,801.9,1320.5,327.0,,,224.8,314.7,914.7,561.1,766.9,,,1090.8,1501.0,2373.3,1211.2,2310.8,,,145.3,431.5,378.5,660.2,1245.5,,,,,,,,,,,,,,,,,,,,,,,,,,,,,,,,,,,,,,,,,,,,,,,,,,,,,,,,,,,,,,,,,,,,,,,,,,,,,,,,,,,,,,,,,,,,,,,,,,,,,,,,,,,,,,,,,,,,,,,,,,,,,,,,
20260922_大垣_10R,20260922,44,大垣,10,1670.1,668.0,275.0,1604.6,940.6,,,1573.8,467.6,279.7,1589.1,768.4,,,463.6,196.7,73.2,462.3,245.3,,,59.8,39.1,9.9,49.2,5.2,,,1948.5,2125.6,884.7,248.3,500.5,,,540.1,502.0,216.2,37.6,281.2,,,,,,,,,,,,,,,,,2639.9,1259.0,717.8,2182.3,1487.9,,,4196.8,1423.2,3340.3,3806.4,6295.3,,,814.3,420.7,428.4,1029.4,1741.2,,,509.9,1487.9,371.1,1423.2,1448.4,,,3209.3,3340.3,2518.1,2182.3,6819.9,,,3273.5,6547.1,3719.9,3031.0,5845.6,,,,,,,,,,,,,,,,,4814.0,957.1,487.1,3482.5,2372.1,,,5114.9,1435.7,3031.0,3088.2,4546.6,,,747.3,929.9,329.3,1319.9,1996.0,,,524.6,2211.8,354.2,1670.1,1239.9,,,4196.8,4423.7,2822.0,3409.9,8183.9,,,3409.9,8614.6,4676.5,2922.8,8614.6,,,,,,,,,,,,,,,,,603.9,380.6,127.3,740.6,477.1,,,529.7,285.1,495.9,870.6,1221.4,,,278.8,338.8,180.6,558.6,986.0,,,102.4,373.6,137.1,564.4,366.1,,,1687.4,2211.8,1558.8,1636.7,4307.3,,,991.9,2098.4,2407.0,699.4,1859.9,,,,,,,,,,,,,,,,,30.4,18.3,6.7,36.1,4.2,,,125.4,244.2,68.4,328.0,319.6,,,91.2,307.6,63.6,245.7,304.8,,,27.3,64.5,23.0,116.9,114.6,,,171.9,636.8,320.3,215.3,415.4,,,53.1,516.3,320.9,214.8,378.8,,,,,,,,,,,,,,,,,1903.2,1515.5,986.0,282.6,727.4,,,3273.5,2822.0,1972.0,1722.9,4814.0,,,3273.5,3273.5,1203.5,2211.8,5114.9,,,1319.9,2071.8,772.0,1076.8,2372.1,,,247.6,1083.9,764.8,543.7,909.3,,,2153.6,3992.1,3719.9,3147.6,2211.8,,,,,,,,,,,,,,,,,2071.8,1670.1,684.8,147.8,1022.9,,,2211.8,6547.1,3482.5,3088.2,4959.9,,,4091.9,8614.6,4814.0,2871.5,6819.9,,,1076.8,4091.9,3897.1,730.7,1972.0,,,221.1,2242.1,1741.2,733.9,1212.4,,,3209.3,7794.2,4959.9,4546.6,3209.3,,,,,,,,,,,,,,,,,,,,,,,,,,,,,,,,,,,,,,,,,,,,,,,,,,,,,,,,,,,,,,,,,,,,,,,,,,,,,,,,,,,,,,,,,,,,,,,,,,,,,,,,,,,,,,,,,,,,,,,,,,,,,,,,
20260922_大垣_11R,20260922,44,大垣,11,625.9,278.2,313.3,187.4,513.9,,,722.6,320.1,189.1,848.6,693.2,,,124.5,116.6,47.9,153.9,30.1,,,178.7,85.0,64.7,253.1,192.7,,,324.4,953.9,455.9,503.1,651.5,,,679.4,836.7,230.4,528.7,677.4,,,,,,,,,,,,,,,,,870.3,243.0,285.2,217.3,534.6,,,1055.2,687.2,434.3,576.0,1362.7,,,135.1,345.6,117.9,116.4,138.1,,,245.0,157.0,169.7,96.8,400.1,,,94.3,193.7,80.2,58.8,127.9,,,931.5,1793.0,548.2,1114.3,483.7,,,,,,,,,,,,,,,,,1198.3,486.6,260.3,1611.3,1347.3,,,1728.0,1141.0,470.3,950.1,2038.2,,,464.8,927.9,234.9,1411.1,784.4,,,104.9,144.9,90.7,191.2,258.3,,,2293.0,1386.4,2293.0,749.9,3456.1,,,1766.4,3179.6,1877.7,1010.4,4111.6,,,,,,,,,,,,,,,,,61.7,86.9,30.1,148.3,19.7,,,105.9,355.9,135.6,221.0,108.5,,,250.7,497.8,190.7,787.0,312.9,,,39.7,85.3,78.2,219.1,57.9,,,351.2,567.8,1023.5,703.4,362.9,,,38.7,112.4,211.6,75.3,235.1,,,,,,,,,,,,,,,,,71.3,32.8,19.6,121.3,109.3,,,108.1,78.2,71.6,58.7,217.1,,,19.6,32.9,11.9,49.5,64.7,,,16.4,44.8,24.4,108.6,31.2,,,216.2,111.2,148.0,257.8,334.9,,,291.5,422.8,190.0,150.1,414.7,,,,,,,,,,,,,,,,,519.5,2110.4,969.4,1163.2,1362.7,,,273.4,419.1,352.7,195.1,381.5,,,2484.1,1163.2,2228.7,927.9,3456.1,,,950.1,722.6,1923.1,1268.4,1114.3,,,920.7,301.1,666.1,1027.9,1282.1,,,1892.6,1002.0,3018.6,2187.8,2592.1,,,,,,,,,,,,,,,,,1558.6,2228.7,421.3,883.2,1923.1,,,1472.0,3137.8,1074.2,1600.5,1892.6,,,2004.0,4335.9,1806.6,1600.5,5073.9,,,280.8,681.3,993.6,428.9,1248.5,,,752.2,1229.2,1083.9,503.1,2361.1,,,3406.8,2805.6,4769.5,3312.1,3668.8,,,,,,,,,,,,,,,,,,,,,,,,,,,,,,,,,,,,,,,,,,,,,,,,,,,,,,,,,,,,,,,,,,,,,,,,,,,,,,,,,,,,,,,,,,,,,,,,,,,,,,,,,,,,,,,,,,,,,,,,,,,,,,,,
20260922_広島_1R,20260922,62,広島,1,1306.1,809.9,817.0,4215.2,1097.4,,,2612.2,1144.8,2575.9,1994.3,3863.9,,,724.4,843.0,932.0,2575.9,1181.3,,,1110.6,1717.3,1270.3,4755.6,2156.6,,,9999.9,5012.7,4755.6,8430.5,9999.9,,,1448.9,4636.7,1952.3,2347.7,9999.9,,,,,,,,,,,,,,,,,710.6,262.3,409.4,3311.9,497.2,,,702.5,96.5,290.2,843.0,380.8,,,66.7,45.8,38.2,296.7,64.6,,,242.7,210.0,48.3,1159.1,202.7,,,5795.9,2943.9,1460.4,2991.4,5982.9,,,411.2,399.7,143.8,269.9,2015.9,,,,,,,,,,,,,,,,,1733.3,785.8,1353.8,2060.7,2408.7,,,922.7,114.7,359.4,951.1,467.1,,,108.2,27.0,46.5,113.0,83.5,,,874.8,304.0,176.9,1324.7,443.7,,,2289.7,1818.3,548.7,1585.2,3566.7,,,2060.7,556.9,395.4,1002.5,4415.9,,,,,,,,,,,,,,,,,110.7,161.4,184.1,772.7,220.7,,,34.3,13.5,13.1,136.5,23.5,,,34.3,6.3,12.5,38.3,24.3,,,74.4,16.3,23.7,239.3,38.0,,,824.3,560.3,233.2,733.0,922.7,,,149.6,48.5,74.6,65.6,490.6,,,,,,,,,,,,,,,,,428.3,789.2,360.1,3143.5,785.8,,,223.4,179.7,52.9,1228.2,173.8,,,598.2,259.4,107.7,588.7,438.4,,,126.8,32.4,39.3,451.2,66.9,,,4880.8,3311.9,2575.9,1783.3,3566.7,,,694.6,276.8,440.5,199.6,2131.8,,,,,,,,,,,,,,,,,8831.9,5620.3,4523.6,9999.9,9999.9,,,9999.9,4523.6,3311.9,8063.9,9999.9,,,5299.1,4215.2,850.7,4880.8,9999.9,,,4121.5,2440.4,753.9,2612.2,4755.6,,,7727.9,8430.5,5455.0,3143.5,9999.9,,,9999.9,8430.5,9999.9,8063.9,9999.9,,,,,,,,,,,,,,,,,1270.3,3372.2,1228.2,1973.0,8430.5,,,735.9,440.5,190.0,456.8,3311.9,,,1783.3,540.7,322.5,883.1,3311.9,,,489.3,118.8,206.3,140.4,1144.8,,,1002.5,387.2,600.2,266.8,2612.2,,,9999.9,8430.5,9999.9,5151.9,5982.9,,,,,,,,,,,,,,,,,,,,,,,,,,,,,,,,,,,,,,,,,,,,,,,,,,,,,,,,,,,,,,,,,,,,,,,,,,,,,,,,,,,,,,,,,,,,,,,,,,,,,,,,,,,,,,,,,,,,,,,,,,,,,,,,
20260922_広島_2R,20260922,62,広島,2,1504.3,883.2,438.7,1170.0,970.8,,,1755.0,354.6,427.8,2535.1,496.0,,,622.2,285.7,195.5,1382.7,338.0,,,193.0,137.1,113.4,587.5,74.8,,,3259.4,2912.6,2139.0,2043.2,2139.0,,,805.2,373.0,384.5,172.4,1200.8,,,,,,,,,,,,,,,,,1504.3,1069.5,532.6,1488.0,1014.0,,,1573.5,286.9,1649.3,1591.8,950.6,,,616.6,241.0,490.6,375.0,306.9,,,488.9,1610.5,839.8,1426.0,1255.9,,,970.8,522.5,387.8,748.0,616.6,,,1131.3,924.9,416.0,1279.4,556.4,,,,,,,,,,,,,,,,,999.2,161.0,286.3,1875.2,323.6,,,764.7,214.2,894.7,1396.9,855.6,,,33.1,57.5,20.4,126.7,11.3,,,204.3,605.7,70.2,1396.9,177.7,,,3111.2,2632.6,720.5,2684.2,1303.7,,,169.6,388.9,31.1,109.3,549.7,,,,,,,,,,,,,,,,,183.5,63.0,45.2,516.5,83.8,,,169.0,116.4,147.6,219.3,159.9,,,19.6,37.2,12.8,112.9,7.6,,,28.2,110.8,32.9,331.4,49.5,,,912.6,736.0,456.3,894.7,565.6,,,79.9,148.3,20.6,54.1,332.2,,,,,,,,,,,,,,,,,124.0,60.6,44.6,370.9,32.6,,,454.8,1211.4,543.2,1140.8,957.3,,,167.3,924.9,72.9,1555.6,174.3,,,66.4,276.5,68.0,633.7,108.4,,,1426.0,2489.0,2632.6,1801.2,1538.1,,,116.5,800.5,243.1,213.5,1140.8,,,,,,,,,,,,,,,,,3602.5,3911.3,2912.6,2852.0,2106.1,,,1441.0,1368.9,1006.5,1591.8,1267.5,,,3802.6,3042.1,1095.1,3259.4,1755.0,,,2043.2,1591.8,1233.3,2043.2,1316.3,,,1755.0,3338.9,3183.6,2444.5,1629.7,,,1396.9,1426.0,1222.2,1053.0,1316.3,,,,,,,,,,,,,,,,,845.0,348.3,301.5,189.3,1190.4,,,1069.5,786.7,394.5,866.4,595.2,,,226.6,221.8,44.2,121.7,805.2,,,156.9,158.2,40.9,92.0,343.0,,,178.9,756.3,212.5,221.1,1077.9,,,1521.0,1211.4,1456.3,1077.9,1610.5,,,,,,,,,,,,,,,,,,,,,,,,,,,,,,,,,,,,,,,,,,,,,,,,,,,,,,,,,,,,,,,,,,,,,,,,,,,,,,,,,,,,,,,,,,,,,,,,,,,,,,,,,,,,,,,,,,,,,,,,,,,,,,,,
20260922_広島_3R,20260922,62,広島,3,246.9,65.8,98.4,1279.9,247.7,,,195.4,85.2,181.7,2399.9,168.6,,,16.2,17.8,21.6,75.6,34.9,,,142.6,230.9,120.5,3011.7,727.9,,,2898.0,2898.0,634.6,3199.9,2258.7,,,332.4,209.8,172.5,560.5,1634.0,,,,,,,,,,,,,,,,,283.3,77.4,145.1,1505.8,299.4,,,265.2,361.4,180.9,2477.3,303.5,,,47.5,253.8,91.3,645.3,237.3,,,97.9,104.7,83.8,812.6,268.5,,,3490.8,6143.8,2226.0,3938.3,6399.8,,,664.9,701.3,368.3,727.9,3199.9,,,,,,,,,,,,,,,,,281.3,147.5,279.2,4151.2,238.8,,,224.5,213.3,108.3,3134.6,236.3,,,121.7,234.4,197.6,2603.3,197.4,,,309.0,205.0,235.5,4517.5,312.1,,,8084.0,9035.1,5688.7,7679.8,4799.9,,,201.8,235.5,155.3,227.5,1850.5,,,,,,,,,,,,,,,,,6.1,14.3,12.1,35.2,12.8,,,18.0,125.8,50.6,365.7,117.6,,,51.6,139.1,109.5,1059.2,163.0,,,55.4,96.1,119.5,1003.9,367.4,,,213.6,791.7,1089.3,1037.8,867.7,,,53.4,171.0,150.1,298.8,472.6,,,,,,,,,,,,,,,,,198.7,350.6,199.7,5485.6,1172.4,,,123.4,105.8,84.3,1371.4,394.8,,,384.9,220.6,284.4,6678.1,522.4,,,152.6,141.0,227.5,2898.0,834.7,,,8533.1,6143.8,8533.1,5296.4,8533.1,,,1228.7,942.3,834.7,1190.6,7679.8,,,,,,,,,,,,,,,,,9035.1,9599.8,1044.8,9999.9,4799.9,,,6981.6,8084.0,6399.8,9999.9,9999.9,,,9999.9,9999.9,6981.6,9999.9,8533.1,,,887.8,5485.6,7679.8,6143.8,2648.2,,,9035.1,9999.9,9999.9,9035.1,9999.9,,,4517.5,6678.1,8533.1,2898.0,9999.9,,,,,,,,,,,,,,,,,447.8,380.1,160.6,711.0,1725.8,,,577.4,685.7,524.2,469.7,3268.0,,,242.6,342.8,218.7,375.5,1616.8,,,111.9,313.4,268.9,588.4,893.0,,,1462.8,1074.1,848.6,1154.8,6399.8,,,3657.0,6678.1,3413.2,2517.9,7679.8,,,,,,,,,,,,,,,,,,,,,,,,,,,,,,,,,,,,,,,,,,,,,,,,,,,,,,,,,,,,,,,,,,,,,,,,,,,,,,,,,,,,,,,,,,,,,,,,,,,,,,,,,,,,,,,,,,,,,,,,,,,,,,,,
20260922_広島_4R,20260922,62,広島,4,160.7,120.5,62.2,205.2,34.9,,,859.9,1347.8,2416.8,3688.9,547.5,,,429.9,1387.9,726.3,1387.9,515.3,,,158.9,1078.2,498.8,412.2,347.8,,,791.9,3504.4,2061.4,947.1,2260.9,,,50.1,60.0,158.7,173.2,576.8,,,,,,,,,,,,,,,,,53.8,36.6,18.7,61.8,9.3,,,251.2,360.3,360.3,829.4,205.2,,,107.8,329.0,65.1,124.2,137.9,,,8.0,80.1,12.9,4.7,19.0,,,105.0,384.0,51.0,14.1,145.1,,,25.9,66.7,123.5,64.8,206.1,,,,,,,,,,,,,,,,,2803.5,2982.5,4833.7,7787.7,1649.1,,,2595.9,2803.5,2061.4,4247.8,1797.1,,,5391.4,4247.8,4672.6,7377.8,4247.8,,,5391.4,2092.2,5191.8,5391.4,6094.7,,,7377.8,9345.2,8245.8,9999.9,7787.7,,,1360.9,2260.9,2595.9,3504.4,4122.9,,,,,,,,,,,,,,,,,547.5,2298.0,1078.2,2548.7,1015.7,,,400.5,1360.9,284.9,648.9,849.5,,,3047.3,3788.6,2503.1,5191.8,4247.8,,,1387.9,478.4,1820.5,1262.8,1575.0,,,4380.5,1374.3,5006.3,2190.2,5607.1,,,1946.9,1820.5,2260.9,2260.9,4380.5,,,,,,,,,,,,,,,,,200.8,2459.2,617.5,541.2,558.4,,,42.5,321.5,57.0,22.4,87.8,,,5191.8,1894.3,2002.5,5391.4,3259.9,,,1218.9,355.7,3788.6,980.2,1752.2,,,814.9,107.0,2920.3,537.0,805.6,,,934.5,588.9,2123.9,1797.1,1974.3,,,,,,,,,,,,,,,,,1322.4,4833.7,3418.9,1688.9,4672.6,,,690.5,1592.9,397.1,109.6,730.0,,,9999.9,6371.7,5006.3,7008.9,9999.9,,,5006.3,1445.1,7787.7,2031.5,6371.7,,,1611.2,160.9,2336.3,876.1,1575.0,,,7008.9,3047.3,6675.1,8245.8,6094.7,,,,,,,,,,,,,,,,,187.9,153.5,375.8,397.1,1335.0,,,239.6,488.4,631.4,449.2,1507.2,,,446.4,1030.7,973.4,1491.2,2695.7,,,1038.3,2190.2,2459.2,2920.3,8761.1,,,824.5,651.9,2031.5,1844.4,1869.0,,,4672.6,3185.8,5391.4,6675.1,4672.6,,,,,,,,,,,,,,,,,,,,,,,,,,,,,,,,,,,,,,,,,,,,,,,,,,,,,,,,,,,,,,,,,,,,,,,,,,,,,,,,,,,,,,,,,,,,,,,,,,,,,,,,,,,,,,,,,,,,,,,,,,,,,,,,
20260922_広島_5R,20260922,62,広島,5,348.2,349.7,149.0,379.1,86.2,,,1077.7,2040.0,1241.7,2284.8,1127.3,,,607.6,1370.8,990.5,1051.2,161.8,,,255.3,354.0,911.4,1198.3,302.2,,,827.8,1663.7,1730.9,2064.5,1120.0,,,62.0,170.6,36.9,96.5,267.7,,,,,,,,,,,,,,,,,247.2,272.0,108.2,328.2,56.4,,,569.3,646.6,82.0,395.7,264.4,,,387.6,537.1,288.0,682.7,151.6,,,64.6,13.9,104.7,123.3,28.2,,,623.1,588.8,1120.0,424.1,516.1,,,33.7,102.8,39.7,47.2,207.9,,,,,,,,,,,,,,,,,3497.1,3570.0,2040.0,3115.6,2115.5,,,2347.4,1713.6,207.9,962.7,861.1,,,3497.1,2763.8,1766.6,2315.6,1530.0,,,1381.9,165.8,601.2,406.0,366.9,,,2483.5,1696.6,2064.5,1134.8,1713.6,,,1416.2,1038.5,1198.3,699.4,1381.9,,,,,,,,,,,,,,,,,921.2,1173.7,883.3,630.0,179.2,,,911.4,1198.3,726.1,1142.4,379.9,,,1785.0,1785.0,1134.8,1586.6,996.2,,,623.1,690.9,538.8,835.9,363.0,,,782.4,1632.0,852.5,865.4,496.7,,,44.7,168.0,246.5,141.7,143.7,,,,,,,,,,,,,,,,,235.7,492.4,538.8,1112.7,320.9,,,87.4,19.5,154.3,90.5,41.8,,,373.3,47.2,237.3,135.4,127.1,,,1044.8,542.2,576.9,962.7,470.7,,,1288.4,364.5,398.5,1008.0,575.0,,,225.1,103.6,152.3,221.6,347.5,,,,,,,,,,,,,,,,,1120.0,1680.0,1428.0,1572.1,831.8,,,789.6,331.4,1044.8,244.4,305.4,,,1766.6,812.1,1120.0,352.5,586.8,,,1428.0,1503.1,1165.7,968.1,445.0,,,968.1,208.4,163.5,641.8,227.5,,,408.9,327.0,486.8,261.6,358.4,,,,,,,,,,,,,,,,,21.3,109.9,9.4,30.1,80.6,,,30.5,152.4,49.7,57.0,193.8,,,405.1,429.4,276.8,355.5,823.8,,,13.2,45.4,88.0,33.6,46.4,,,112.8,79.0,131.0,115.2,264.8,,,266.0,415.9,609.8,228.4,407.0,,,,,,,,,,,,,,,,,,,,,,,,,,,,,,,,,,,,,,,,,,,,,,,,,,,,,,,,,,,,,,,,,,,,,,,,,,,,,,,,,,,,,,,,,,,,,,,,,,,,,,,,,,,,,,,,,,,,,,,,,,,,,,,,
20260922_広島_6R,20260922,62,広島,6,3296.2,1698.0,2101.3,2401.5,1323.7,,,5796.9,6465.8,3296.2,4423.9,2668.4,,,1159.3,4202.7,1827.2,866.5,774.7,,,1254.5,504.8,1769.5,760.6,151.9,,,734.1,1751.1,389.1,472.2,230.6,,,517.2,718.4,395.5,75.4,204.0,,,,,,,,,,,,,,,,,5422.9,1449.2,1977.7,2949.3,1601.0,,,8005.2,3820.7,3056.5,6724.4,5796.9,,,688.9,1788.4,542.2,1012.7,421.3,,,1601.0,1681.1,1183.8,2949.3,515.6,,,4100.2,9888.8,2668.4,6724.4,8847.9,,,928.7,2155.2,470.8,487.2,3576.8,,,,,,,,,,,,,,,,,8005.2,6226.3,3502.3,8005.2,5094.2,,,9999.9,7309.1,3735.8,9999.9,4100.2,,,6003.9,7004.6,1910.3,9999.9,2755.9,,,1807.6,1698.0,1183.8,3113.1,241.5,,,9999.9,9999.9,9999.9,9999.9,8847.9,,,3296.2,3430.8,1977.7,273.7,5094.2,,,,,,,,,,,,,,,,,1143.6,4669.7,1542.3,1648.1,960.6,,,526.9,1436.8,396.4,913.6,187.6,,,5796.9,4669.7,1571.1,6724.4,2436.3,,,1355.7,785.5,875.5,2626.7,276.0,,,2849.3,1932.3,7004.6,4002.6,3820.7,,,562.2,237.4,1105.9,265.5,1601.0,,,,,,,,,,,,,,,,,675.1,481.6,581.6,871.0,112.0,,,706.3,721.5,538.8,1847.3,191.4,,,265.5,391.8,226.2,933.9,61.6,,,664.4,387.3,403.1,1601.0,139.2,,,1487.7,2586.3,2211.9,2668.4,558.5,,,18.2,28.6,7.7,22.3,92.5,,,,,,,,,,,,,,,,,2050.1,2101.3,2101.3,1664.4,1449.2,,,4543.5,6003.9,3430.8,5796.9,8005.2,,,9999.9,9999.9,8847.9,9999.9,9999.9,,,4543.5,3232.9,9999.9,5603.7,6003.9,,,2509.1,3909.5,3430.8,3735.8,1751.1,,,1954.7,4803.1,9339.5,5094.2,1888.8,,,,,,,,,,,,,,,,,89.1,167.6,65.8,23.9,36.8,,,211.1,429.9,100.0,128.3,564.1,,,382.0,495.9,321.4,63.6,928.7,,,88.6,63.9,238.4,72.4,305.1,,,5.7,20.4,3.0,14.0,59.1,,,152.5,820.0,1293.1,566.0,398.3,,,,,,,,,,,,,,,,,,,,,,,,,,,,,,,,,,,,,,,,,,,,,,,,,,,,,,,,,,,,,,,,,,,,,,,,,,,,,,,,,,,,,,,,,,,,,,,,,,,,,,,,,,,,,,,,,,,,,,,,,,,,,,,,
20260922_広島_7R,20260922,62,広島,7,1632.7,1843.4,1322.8,1731.7,1373.7,,,828.2,605.3,192.8,614.4,673.8,,,1253.2,721.5,561.3,1380.3,681.9,,,376.4,115.5,258.8,188.9,155.6,,,1472.8,1086.4,1360.6,571.4,1190.5,,,763.9,766.0,683.5,403.5,1090.5,,,,,,,,,,,,,,,,,2421.4,2070.5,1721.2,2267.7,1503.8,,,2100.9,1527.9,2148.3,2774.1,1247.7,,,1752.9,1387.0,1785.8,1710.9,347.1,,,1752.9,2484.6,2506.4,2829.0,1457.8,,,2484.6,3039.7,2267.7,2829.0,1763.7,,,519.5,536.0,190.8,442.9,472.2,,,,,,,,,,,,,,,,,484.2,232.8,91.3,284.0,309.5,,,615.8,559.1,695.2,952.4,478.6,,,114.7,205.7,75.7,245.8,56.1,,,24.3,196.1,49.9,148.3,43.9,,,574.9,1195.5,595.2,466.1,506.6,,,164.2,106.6,68.0,104.0,304.6,,,,,,,,,,,,,,,,,539.1,295.4,269.3,538.1,269.8,,,562.4,366.7,618.4,520.4,121.5,,,113.1,163.1,73.2,234.2,44.4,,,140.9,384.0,100.5,473.0,104.2,,,876.4,890.1,577.2,999.0,353.1,,,50.2,11.8,22.7,30.4,103.1,,,,,,,,,,,,,,,,,166.1,47.0,83.4,85.9,66.8,,,534.0,921.7,1142.9,1561.3,759.9,,,31.1,195.0,78.3,138.1,70.7,,,146.1,619.8,129.9,352.3,135.3,,,369.6,1341.4,512.9,798.1,592.8,,,123.6,298.2,152.4,142.0,278.4,,,,,,,,,,,,,,,,,1731.7,1472.8,2070.5,688.5,1700.7,,,2232.2,2670.3,1763.7,2012.2,1503.8,,,1226.3,2381.1,873.8,784.9,1231.6,,,1721.2,1435.8,898.5,1414.5,656.8,,,512.9,1587.4,712.5,1298.7,1046.6,,,1275.5,782.8,1094.7,746.0,1046.6,,,,,,,,,,,,,,,,,204.3,310.2,189.4,298.5,589.1,,,87.5,72.4,21.1,79.3,86.2,,,192.8,86.2,49.9,112.4,467.6,,,55.3,8.4,17.9,23.9,57.9,,,144.0,139.7,119.6,71.6,386.1,,,814.0,282.3,695.2,142.3,584.3,,,,,,,,,,,,,,,,,,,,,,,,,,,,,,,,,,,,,,,,,,,,,,,,,,,,,,,,,,,,,,,,,,,,,,,,,,,,,,,,,,,,,,,,,,,,,,,,,,,,,,,,,,,,,,,,,,,,,,,,,,,,,,,,
20260922_高知_1R,20260922,74,高知,1,11.3,22.1,45.2,30.8,52.4,,,8.4,12.2,23.7,15.1,27.5,,,31.2,24.5,57.2,40.4,63.0,,,52.7,40.1,58.9,55.0,60.1,,,32.7,16.6,27.3,37.8,33.2,,,61.3,42.7,68.1,64.3,56.0,,,,,,,,,,,,,,,,,83.9,119.7,184.3,140.8,196.2,,,165.8,331.4,627.2,499.6,1199.1,,,329.3,556.9,1206.2,994.4,2486.0,,,629.1,1532.7,1350.0,1630.8,1521.2,,,463.3,1072.9,1274.0,2265.0,2647.4,,,707.8,2718.0,3235.7,3846.2,3287.9,,,,,,,,,,,,,,,,,47.7,56.5,110.4,77.6,97.3,,,130.5,319.5,619.6,394.2,1120.0,,,252.2,497.2,1266.1,746.7,1853.2,,,424.6,1199.1,1580.2,1090.1,2343.1,,,231.1,631.1,707.8,1138.8,1235.4,,,405.2,2168.6,2613.4,2370.3,2168.6,,,,,,,,,,,,,,,,,111.7,130.5,324.0,194.5,308.8,,,358.2,623.4,1456.0,1466.5,2871.1,,,286.7,569.4,1213.4,793.1,1306.7,,,1101.9,2059.1,2754.7,1698.7,2123.4,,,470.7,1605.1,1405.8,2647.4,2871.1,,,825.3,4853.6,4633.0,6177.3,5364.5,,,,,,,,,,,,,,,,,710.2,657.5,902.0,852.9,939.4,,,1228.0,3287.9,3341.8,4160.2,6795.0,,,1164.8,3042.5,4160.2,4337.2,5824.3,,,1617.8,3514.6,6370.3,6795.0,3235.7,,,1979.1,4160.2,3576.3,6575.8,5096.3,,,1684.7,6575.8,8154.0,7280.4,8863.1,,,,,,,,,,,,,,,,,270.7,229.8,441.2,629.1,587.4,,,918.2,1466.5,2215.7,4337.2,4740.7,,,471.8,1250.6,1386.7,3185.1,3514.6,,,1206.2,2240.1,2290.4,4431.5,6575.8,,,1960.1,5096.3,4337.2,5509.5,7550.0,,,1742.3,5824.3,4337.2,6575.8,4431.5,,,,,,,,,,,,,,,,,1084.3,821.9,1072.9,1024.3,815.4,,,2516.6,7029.3,8493.8,9266.0,7550.0,,,1713.0,7029.3,7280.4,6795.0,6177.3,,,2682.2,9707.2,7840.4,8863.1,7280.4,,,2145.8,7840.4,6575.8,8154.0,9266.0,,,2018.3,7029.3,4740.7,8154.0,5509.5,,,,,,,,,,,,,,,,,,,,,,,,,,,,,,,,,,,,,,,,,,,,,,,,,,,,,,,,,,,,,,,,,,,,,,,,,,,,,,,,,,,,,,,,,,,,,,,,,,,,,,,,,,,,,,,,,,,,,,,,,,,,,,,,
20260922_高知_2R,20260922,74,高知,2,14.6,3.7,36.4,63.5,81.1,,,25.6,33.6,139.6,24.8,45.3,,,16.0,47.3,68.8,178.6,180.4,,,268.2,397.4,280.4,852.9,1116.4,,,271.1,98.0,267.9,548.7,258.5,,,114.7,82.8,190.9,512.9,224.8,,,,,,,,,,,,,,,,,48.5,7.1,82.3,237.2,201.9,,,144.3,194.3,675.8,411.8,484.5,,,15.3,121.4,64.3,429.7,472.5,,,204.4,1110.9,188.3,2015.4,2711.2,,,799.1,1021.2,1030.5,1821.9,2679.3,,,449.2,620.5,576.5,2254.9,2128.4,,,,,,,,,,,,,,,,,78.7,140.4,436.2,102.7,152.7,,,125.8,218.1,501.6,235.5,216.2,,,307.3,362.6,779.9,449.2,667.8,,,1217.8,1084.5,1581.5,1308.8,1581.5,,,150.1,214.4,305.2,471.5,133.7,,,136.4,152.1,324.4,576.5,92.9,,,,,,,,,,,,,,,,,52.7,225.9,156.4,630.8,705.0,,,32.2,164.3,64.7,544.8,764.2,,,431.3,436.2,856.1,896.6,1498.3,,,185.1,173.1,822.1,1450.6,2448.8,,,1725.3,1549.2,1687.0,2254.9,3207.6,,,1363.7,1441.4,2070.4,2588.0,2996.6,,,,,,,,,,,,,,,,,929.5,2070.4,965.0,3503.7,5296.4,,,1054.3,2919.8,907.3,4066.8,6507.0,,,2846.8,3253.5,2846.8,3733.5,5693.6,,,882.7,918.3,2232.8,3253.5,4950.9,,,6507.0,6507.0,5296.4,5422.5,5693.6,,,5839.6,7853.3,5993.3,6901.3,6901.3,,,,,,,,,,,,,,,,,1021.2,573.6,1397.2,2711.2,1371.9,,,1339.6,1211.4,1779.2,3119.8,3399.1,,,456.4,718.4,729.9,1279.4,499.4,,,2232.8,2211.1,1450.6,3558.5,3558.5,,,4066.8,4217.5,3615.0,4554.9,6155.2,,,1638.4,2882.8,822.1,2679.3,4950.9,,,,,,,,,,,,,,,,,303.6,300.4,720.7,1638.4,831.1,,,521.1,843.5,900.1,2148.5,2679.3,,,260.5,416.3,813.3,1405.8,235.2,,,1603.8,1459.9,1851.5,2397.3,3399.1,,,5554.7,5061.0,4217.5,4845.6,6507.0,,,1459.9,2996.6,772.0,2846.8,4066.8,,,,,,,,,,,,,,,,,,,,,,,,,,,,,,,,,,,,,,,,,,,,,,,,,,,,,,,,,,,,,,,,,,,,,,,,,,,,,,,,,,,,,,,,,,,,,,,,,,,,,,,,,,,,,,,,,,,,,,,,,,,,,,,,
20260922_高知_3R,20260922,74,高知,3,17.9,13.5,5.7,84.1,128.9,,,84.0,123.0,135.4,488.7,686.6,,,44.8,88.2,80.3,438.6,579.2,,,24.3,102.6,103.4,204.5,438.6,,,419.0,737.2,1132.3,439.9,1071.6,,,472.5,885.1,923.2,752.0,757.7,,,,,,,,,,,,,,,,,19.4,16.3,7.2,92.6,140.2,,,63.0,70.9,165.3,411.6,444.5,,,50.1,86.8,165.6,415.0,555.6,,,87.0,402.2,308.7,864.7,1214.8,,,597.7,1132.3,869.7,1245.0,1395.6,,,798.0,1435.7,1345.5,2128.1,1234.8,,,,,,,,,,,,,,,,,92.6,75.0,269.6,536.7,658.0,,,85.4,69.4,369.9,652.3,726.5,,,46.6,44.9,136.3,128.1,111.7,,,668.3,824.3,325.4,1676.3,1974.1,,,877.3,1167.5,472.5,1571.0,1060.3,,,785.5,949.5,280.1,1245.0,460.2,,,,,,,,,,,,,,,,,29.4,43.2,71.9,295.9,414.4,,,32.2,58.0,154.5,386.1,537.7,,,28.5,40.0,99.0,109.2,116.3,,,243.3,300.6,354.2,753.9,1630.8,,,929.0,990.3,546.5,1234.8,1099.1,,,964.8,1239.9,386.1,1796.8,539.6,,,,,,,,,,,,,,,,,132.3,348.9,383.7,663.8,759.6,,,195.7,1075.5,744.5,1449.6,2344.2,,,694.6,937.7,789.6,1415.4,1463.7,,,650.9,761.5,1282.3,2752.9,3297.4,,,2586.7,3489.1,3896.9,3798.3,3659.3,,,1887.2,4348.8,2727.8,4919.1,4054.9,,,,,,,,,,,,,,,,,1485.4,2174.4,3226.5,1639.7,2727.8,,,1657.8,3061.9,2970.9,3896.9,2970.9,,,2083.8,3261.6,1987.2,3798.3,3125.7,,,3061.9,3334.0,2308.2,3659.3,3334.0,,,3158.6,5264.3,4839.7,5556.8,4348.8,,,1034.7,1887.2,1095.1,1987.2,2083.8,,,,,,,,,,,,,,,,,1006.9,1339.5,1239.9,1363.9,1287.8,,,1442.6,3158.6,2609.2,4110.5,2479.8,,,1304.6,1621.9,961.7,1796.8,1103.1,,,1786.1,2400.5,1321.8,3449.0,1786.1,,,4762.9,4546.4,4688.5,4348.8,3615.2,,,596.5,1017.1,646.6,1010.3,1132.3,,,,,,,,,,,,,,,,,,,,,,,,,,,,,,,,,,,,,,,,,,,,,,,,,,,,,,,,,,,,,,,,,,,,,,,,,,,,,,,,,,,,,,,,,,,,,,,,,,,,,,,,,,,,,,,,,,,,,,,,,,,,,,,,
20260922_高知_4R,20260922,74,高知,4,11.1,21.8,32.6,54.8,12.8,,,67.9,57.5,91.8,277.5,268.9,,,72.8,70.5,159.3,212.7,271.8,,,137.4,107.4,158.1,629.1,611.7,,,351.1,655.1,511.8,845.2,702.2,,,111.5,438.2,327.5,642.4,501.7,,,,,,,,,,,,,,,,,14.6,20.4,29.5,58.8,8.0,,,83.4,75.7,132.9,385.7,160.3,,,65.4,91.8,171.8,295.5,225.3,,,96.0,136.0,179.8,609.4,404.1,,,238.8,606.1,406.0,1145.4,310.4,,,22.5,72.2,129.0,289.3,93.2,,,,,,,,,,,,,,,,,153.8,161.0,226.2,580.7,765.3,,,117.9,112.2,257.8,548.1,260.1,,,97.4,53.9,40.2,87.5,274.9,,,291.3,213.2,45.4,503.2,982.7,,,1044.5,401.6,271.8,818.1,1909.0,,,1463.3,1153.3,885.7,2115.7,2555.1,,,,,,,,,,,,,,,,,161.2,171.3,326.9,593.1,671.0,,,162.1,141.8,258.0,460.7,514.9,,,118.2,62.4,40.9,103.1,254.7,,,410.5,253.3,80.7,488.4,1437.9,,,927.8,379.1,289.0,994.5,1153.3,,,1182.1,1141.4,1044.5,1795.5,1537.8,,,,,,,,,,,,,,,,,253.1,212.2,314.8,1677.6,1686.1,,,213.3,218.2,311.0,1334.0,985.6,,,190.4,182.5,43.0,768.9,1574.2,,,440.5,374.0,102.7,1047.8,1920.0,,,3224.9,3104.4,1977.2,2185.3,4002.0,,,2839.0,3047.4,3610.5,3533.7,4613.5,,,,,,,,,,,,,,,,,834.6,1712.2,1566.8,2595.0,1463.3,,,733.2,1225.7,1263.0,2355.8,836.7,,,1989.0,1694.7,1003.5,2143.0,2595.0,,,1866.1,1596.9,1207.8,2678.8,1825.1,,,3075.6,3224.9,2460.5,3610.5,4152.1,,,1677.6,1169.6,2700.5,1795.5,3571.7,,,,,,,,,,,,,,,,,253.7,1253.4,988.6,2050.4,954.5,,,116.6,420.4,469.1,1248.7,361.4,,,2306.7,1297.5,1628.2,4258.6,2888.4,,,1425.6,1263.0,1628.2,2615.5,2129.3,,,3650.2,3288.8,4370.6,3650.2,4613.5,,,1361.3,988.6,2322.8,1795.5,2791.3,,,,,,,,,,,,,,,,,,,,,,,,,,,,,,,,,,,,,,,,,,,,,,,,,,,,,,,,,,,,,,,,,,,,,,,,,,,,,,,,,,,,,,,,,,,,,,,,,,,,,,,,,,,,,,,,,,,,,,,,,,,,,,,,
20260922_高知_5R,20260922,74,高知,5,12.7,25.3,10.8,65.8,47.2,,,56.2,48.4,202.8,79.1,194.9,,,72.3,51.1,275.4,129.5,285.7,,,108.8,429.6,543.4,732.2,543.4,,,335.2,221.5,306.6,765.9,678.5,,,156.0,256.4,408.5,437.2,517.2,,,,,,,,,,,,,,,,,18.3,43.3,9.5,62.6,50.9,,,73.6,181.5,145.9,183.9,303.5,,,108.5,150.3,199.2,224.7,401.1,,,29.4,120.3,254.5,194.5,125.0,,,243.1,297.2,401.1,308.7,779.4,,,118.0,311.1,450.0,172.4,511.3,,,,,,,,,,,,,,,,,132.6,118.5,441.5,176.9,400.3,,,183.6,148.8,339.5,211.4,294.8,,,81.4,70.6,366.1,22.3,126.1,,,998.2,845.6,935.0,995.7,1778.2,,,241.1,186.7,40.4,515.2,179.9,,,502.2,378.6,304.0,790.3,276.0,,,,,,,,,,,,,,,,,105.7,100.1,426.9,227.7,559.4,,,145.5,148.1,236.8,248.1,403.9,,,73.4,97.0,195.5,15.1,182.9,,,1229.3,833.3,573.1,924.1,1141.3,,,341.6,388.9,62.5,507.4,346.0,,,899.1,864.0,473.0,1432.7,546.3,,,,,,,,,,,,,,,,,302.2,1237.0,1053.7,2637.8,1345.6,,,139.3,638.3,1147.8,856.5,406.8,,,1464.4,1297.4,1437.9,1914.9,2569.7,,,2276.1,2153.0,2107.5,3264.8,3347.2,,,3793.5,2865.5,3264.8,4023.4,3556.4,,,1443.1,1048.2,2237.7,3017.5,2520.9,,,,,,,,,,,,,,,,,1034.5,666.0,1094.2,2520.9,2042.6,,,1000.7,738.9,990.8,1480.7,1770.3,,,583.1,505.4,87.0,836.8,492.9,,,795.0,816.2,125.0,1021.3,649.7,,,3867.1,3161.2,1844.0,1943.0,2845.1,,,1680.6,1497.4,760.1,806.3,1924.2,,,,,,,,,,,,,,,,,174.7,349.7,485.7,517.9,661.6,,,77.0,159.1,355.9,96.2,240.8,,,239.3,188.2,252.7,296.5,185.6,,,625.3,657.2,306.6,1122.0,453.6,,,673.9,428.2,905.2,1612.6,871.5,,,973.8,586.6,408.9,591.8,741.7,,,,,,,,,,,,,,,,,,,,,,,,,,,,,,,,,,,,,,,,,,,,,,,,,,,,,,,,,,,,,,,,,,,,,,,,,,,,,,,,,,,,,,,,,,,,,,,,,,,,,,,,,,,,,,,,,,,,,,,,,,,,,,,,
20260922_高知_6R,20260922,74,高知,6,76.8,140.2,80.1,65.6,137.3,,,25.9,20.1,19.7,92.2,104.9,,,133.9,61.1,127.4,435.3,348.8,,,39.0,26.1,63.2,83.6,95.3,,,282.4,535.1,907.3,413.5,931.7,,,190.8,370.1,522.1,364.2,597.0,,,,,,,,,,,,,,,,,148.2,206.7,118.7,76.7,164.1,,,116.3,136.0,215.6,101.8,187.3,,,245.6,216.8,702.6,178.2,353.1,,,218.9,495.2,835.0,318.6,587.9,,,99.5,132.3,200.0,204.6,115.8,,,176.4,257.2,341.2,438.6,100.0,,,,,,,,,,,,,,,,,22.9,12.9,15.5,85.1,80.5,,,42.6,40.7,75.1,66.3,94.9,,,13.8,27.5,32.4,111.7,79.4,,,52.8,85.8,62.5,199.5,204.9,,,315.6,257.0,365.4,472.9,503.1,,,209.6,124.7,193.1,355.6,423.1,,,,,,,,,,,,,,,,,249.4,111.1,243.4,758.0,544.3,,,331.7,240.2,794.6,311.4,479.4,,,42.3,67.0,102.8,244.8,195.6,,,440.3,847.2,318.9,1600.4,1422.5,,,1471.0,1129.7,924.3,2579.7,2160.5,,,855.6,565.7,579.0,1909.8,1550.1,,,,,,,,,,,,,,,,,109.2,83.5,177.7,218.7,150.5,,,333.0,537.6,987.6,746.6,1104.4,,,122.9,330.8,228.7,714.2,359.3,,,424.1,1204.4,399.6,2021.5,1329.5,,,1004.9,1496.4,1638.3,2700.7,2274.2,,,662.2,1270.9,1350.3,2070.0,2244.7,,,,,,,,,,,,,,,,,1152.3,1464.7,2451.7,1654.0,2579.7,,,600.1,627.3,872.9,1167.8,631.9,,,1324.4,1090.5,1204.4,1878.7,2400.6,,,2833.5,2230.2,1942.0,4164.9,2954.6,,,2045.5,2095.0,2434.4,3928.2,3798.7,,,2486.9,979.2,3006.0,2787.8,3527.4,,,,,,,,,,,,,,,,,631.9,1230.2,1304.4,968.3,1763.7,,,433.1,497.3,775.0,729.3,302.1,,,664.7,509.1,643.7,960.2,1483.6,,,1270.9,1057.1,987.6,2434.4,2469.2,,,1471.0,1571.3,1848.6,3292.2,2351.6,,,2215.9,832.9,2400.6,2929.5,2679.7,,,,,,,,,,,,,,,,,,,,,,,,,,,,,,,,,,,,,,,,,,,,,,,,,,,,,,,,,,,,,,,,,,,,,,,,,,,,,,,,,,,,,,,,,,,,,,,,,,,,,,,,,,,,,,,,,,,,,,,,,,,,,,,,
20260922_高知_7R,20260922,74,高知,7,16.3,7.5,24.0,12.2,39.2,,,68.2,230.9,106.3,72.3,148.3,,,122.2,408.6,454.1,337.4,860.7,,,69.1,138.9,330.5,49.4,262.2,,,20.9,34.1,121.7,29.0,82.7,,,179.0,139.4,467.2,318.8,236.4,,,,,,,,,,,,,,,,,41.5,15.1,74.1,47.6,126.8,,,158.4,284.6,566.3,394.8,587.7,,,84.0,217.2,557.3,331.0,554.1,,,274.7,652.1,744.9,475.8,1549.4,,,153.2,353.1,339.1,377.1,644.5,,,359.3,528.4,517.1,1927.1,949.4,,,,,,,,,,,,,,,,,175.9,617.7,338.8,310.3,460.5,,,203.7,425.2,592.2,413.4,567.9,,,1061.2,752.1,1760.7,1257.6,1706.4,,,446.2,587.7,1129.3,386.5,712.0,,,271.8,287.3,600.5,278.2,332.2,,,352.7,280.8,579.0,451.9,297.0,,,,,,,,,,,,,,,,,299.8,1344.9,1044.0,1613.9,2708.8,,,276.6,742.0,1698.9,1024.7,1835.8,,,1676.8,1116.3,3724.6,2483.0,3255.1,,,1368.7,2599.7,4782.2,2049.5,6565.4,,,1871.3,1359.1,2531.7,2265.2,4256.6,,,3873.5,3227.9,3689.1,5455.7,5959.3,,,,,,,,,,,,,,,,,186.0,407.3,716.0,186.3,636.0,,,305.7,761.0,851.3,421.0,1408.5,,,477.0,795.3,1456.2,475.2,1003.5,,,1116.3,1760.7,2766.8,1132.6,2912.4,,,123.6,201.3,201.8,433.2,218.3,,,822.4,1706.4,935.6,2548.4,415.6,,,,,,,,,,,,,,,,,23.1,54.7,152.6,39.7,78.8,,,44.6,91.1,153.7,80.2,120.7,,,105.6,116.2,331.3,95.0,100.1,,,585.1,504.3,737.8,631.9,1274.2,,,52.2,70.6,66.4,263.1,87.7,,,114.8,124.2,88.7,636.0,95.9,,,,,,,,,,,,,,,,,386.9,417.4,851.3,980.6,719.9,,,499.8,546.3,689.2,2278.5,1122.7,,,426.6,369.9,747.7,633.9,316.9,,,3586.6,2376.4,2420.9,3689.1,3760.7,,,1061.2,2347.6,1106.7,3553.7,514.4,,,689.2,776.2,455.7,2116.7,403.4,,,,,,,,,,,,,,,,,,,,,,,,,,,,,,,,,,,,,,,,,,,,,,,,,,,,,,,,,,,,,,,,,,,,,,,,,,,,,,,,,,,,,,,,,,,,,,,,,,,,,,,,,,,,,,,,,,,,,,,,,,,,,,,,
20260922_高知_8R,20260922,74,高知,8,9.0,7.5,26.7,36.0,58.2,,,17.2,24.5,37.6,48.6,105.9,,,11.7,20.7,33.6,47.2,90.8,,,54.0,58.5,63.1,115.2,217.9,,,73.5,97.8,83.9,154.9,214.1,,,138.1,185.5,176.1,293.8,299.1,,,,,,,,,,,,,,,,,17.0,19.5,29.8,45.6,67.7,,,32.0,124.4,187.1,245.6,347.5,,,44.0,132.2,210.1,324.5,417.3,,,133.4,339.5,368.2,741.8,1035.5,,,203.9,523.6,534.5,869.8,1275.2,,,249.2,622.2,688.6,1177.1,1480.9,,,,,,,,,,,,,,,,,89.7,152.2,182.6,238.6,431.3,,,120.8,367.9,459.6,623.2,1051.3,,,264.0,411.1,547.2,1081.6,1410.1,,,615.7,981.4,1078.8,2186.1,3253.4,,,869.8,1507.9,1904.0,2951.3,3561.9,,,1116.7,1904.0,2086.8,3130.2,3305.5,,,,,,,,,,,,,,,,,39.4,70.4,104.8,146.7,223.7,,,75.5,190.5,284.9,434.9,638.6,,,153.9,226.9,409.5,505.1,954.2,,,332.9,676.2,886.6,1119.7,1337.1,,,423.7,756.7,1015.2,1110.7,1614.0,,,579.5,1377.2,1589.1,2035.4,1750.7,,,,,,,,,,,,,,,,,645.6,1020.2,728.7,1486.2,2086.8,,,910.1,2566.3,1912.9,3756.2,4491.1,,,1601.5,3154.1,3060.6,4978.1,6166.9,,,960.9,2097.4,2972.5,3386.7,4749.2,,,3130.2,6773.5,8101.7,5164.8,6260.4,,,4011.5,6773.5,7945.9,6456.0,6664.3,,,,,,,,,,,,,,,,,1043.4,1836.3,1341.5,1633.1,1480.9,,,1395.9,3624.4,3178.3,6166.9,6166.9,,,2665.7,5101.0,4749.2,8791.2,8982.3,,,1589.1,3501.5,5366.0,4918.9,6456.0,,,3359.2,7123.9,8263.7,5509.1,8101.7,,,2270.2,8263.7,9181.9,6664.3,7796.0,,,,,,,,,,,,,,,,,1589.1,2810.8,1439.6,3592.9,1886.7,,,1921.8,5509.1,3790.7,7248.9,7512.5,,,3898.0,7378.3,6664.3,8608.0,9609.0,,,1559.2,4090.9,4861.0,6558.5,5819.5,,,6356.7,7796.0,6773.5,7378.3,9181.9,,,2140.8,7512.5,8432.4,5230.2,7003.1,,,,,,,,,,,,,,,,,,,,,,,,,,,,,,,,,,,,,,,,,,,,,,,,,,,,,,,,,,,,,,,,,,,,,,,,,,,,,,,,,,,,,,,,,,,,,,,,,,,,,,,,,,,,,,,,,,,,,,,,,,,,,,,,
20260922_高知_9R,20260922,74,高知,9,358.7,1025.6,824.1,554.7,627.2,,,179.3,236.2,217.7,82.6,87.4,,,902.3,436.3,387.5,969.4,808.5,,,475.7,346.1,392.5,690.3,742.6,,,281.3,117.7,839.3,498.3,140.3,,,327.1,102.6,677.9,470.7,116.3,,,,,,,,,,,,,,,,,703.3,1669.9,1263.2,889.7,1061.4,,,622.3,1337.3,993.6,516.9,648.9,,,2246.2,1981.1,2444.1,2967.1,3563.8,,,1229.1,1275.8,2270.2,1791.9,2680.3,,,593.9,488.8,2098.4,1343.0,414.5,,,849.4,601.2,2899.6,1909.9,432.4,,,,,,,,,,,,,,,,,89.3,84.5,77.6,59.5,67.9,,,179.5,344.0,208.3,124.7,154.6,,,91.6,146.8,45.0,163.6,163.1,,,71.5,92.0,70.6,121.7,118.1,,,80.7,51.7,209.5,129.4,29.8,,,37.7,36.0,73.5,35.4,9.3,,,,,,,,,,,,,,,,,1190.1,559.5,478.9,1440.0,1068.5,,,1776.9,1459.7,1817.4,2398.2,2691.6,,,327.4,745.2,226.6,713.5,415.3,,,287.6,480.7,248.0,703.3,641.7,,,1738.2,1962.8,1420.7,1762.2,1363.0,,,1174.8,2031.6,720.8,1123.1,1149.4,,,,,,,,,,,,,,,,,378.5,312.2,401.7,719.1,936.7,,,512.8,616.9,730.7,802.4,1183.5,,,267.0,317.2,247.1,348.5,356.9,,,258.5,468.0,205.9,620.5,624.8,,,1094.2,703.3,667.9,1201.3,913.9,,,1045.7,1015.8,568.5,1070.3,814.7,,,,,,,,,,,,,,,,,274.1,189.2,871.4,555.2,151.9,,,251.9,167.1,911.3,400.9,155.9,,,155.5,136.9,547.5,354.4,95.3,,,1522.5,1466.5,1236.2,1537.1,1052.6,,,910.0,525.4,653.6,1548.3,765.8,,,47.2,36.8,41.2,286.5,166.8,,,,,,,,,,,,,,,,,189.2,114.1,491.8,439.0,75.5,,,232.1,163.5,1168.3,565.0,106.3,,,44.0,46.9,106.9,72.8,7.4,,,697.1,1155.6,392.0,776.0,627.8,,,625.4,404.7,220.5,869.1,304.9,,,27.1,20.8,14.0,193.7,97.4,,,,,,,,,,,,,,,,,,,,,,,,,,,,,,,,,,,,,,,,,,,,,,,,,,,,,,,,,,,,,,,,,,,,,,,,,,,,,,,,,,,,,,,,,,,,,,,,,,,,,,,,,,,,,,,,,,,,,,,,,,,,,,,,
20260922_佐世保_1R,20260922,85,佐世保,1,6.9,10.3,8.9,31.7,52.2,,,19.4,60.6,54.1,118.3,238.4,,,21.5,66.1,68.6,134.6,248.8,,,19.9,44.2,55.3,132.2,301.3,,,99.0,144.4,221.4,230.1,656.8,,,177.6,431.3,494.4,520.1,953.9,,,,,,,,,,,,,,,,,14.5,17.0,15.3,51.1,102.0,,,41.0,109.3,94.2,189.2,640.4,,,41.4,123.9,102.8,269.8,688.3,,,40.2,105.9,105.4,320.2,647.6,,,191.5,461.6,513.1,662.5,1419.1,,,429.7,1291.6,1436.9,1492.9,1690.5,,,,,,,,,,,,,,,,,95.8,190.9,164.6,319.7,629.8,,,126.4,304.1,285.2,585.0,1306.3,,,415.7,506.4,905.1,1084.4,3193.1,,,398.4,570.4,1049.8,1384.9,2737.0,,,1143.8,1483.2,2168.9,2322.3,4692.0,,,2445.8,3431.4,6213.7,4891.6,6386.3,,,,,,,,,,,,,,,,,71.8,154.9,237.7,243.2,798.2,,,93.3,176.1,319.3,297.0,1191.2,,,240.4,241.5,970.0,412.0,2346.0,,,515.4,574.7,1179.0,1464.3,1810.3,,,1155.3,1306.3,1900.0,2472.1,4105.5,,,2090.0,3238.1,5109.1,3963.9,4998.0,,,,,,,,,,,,,,,,,94.3,164.3,200.0,395.7,582.0,,,134.4,295.8,306.1,763.8,1236.0,,,396.3,533.4,1017.2,1564.0,2499.0,,,451.6,513.1,912.3,1553.4,2370.2,,,1127.0,1607.7,2090.0,2232.1,3106.8,,,1948.3,2583.2,3831.8,4105.5,4337.9,,,,,,,,,,,,,,,,,705.2,1155.3,1313.7,1291.6,2472.1,,,950.0,1703.0,2071.2,2445.8,4257.5,,,1915.9,2673.3,3193.1,5346.7,7927.9,,,2071.2,2370.2,3537.0,4180.1,7416.4,,,1678.1,2910.2,4421.3,3896.7,6050.2,,,3831.8,5747.7,7927.9,7927.9,6762.0,,,,,,,,,,,,,,,,,1167.0,2673.3,2299.0,2445.8,2873.8,,,1419.1,3831.8,4508.0,4508.0,5346.7,,,4508.0,6213.7,7927.9,8515.1,7927.9,,,3708.2,4180.1,7663.6,6386.3,7663.6,,,2985.8,4692.0,6568.8,5747.7,6568.8,,,4598.1,6966.9,8211.0,7663.6,6568.8,,,,,,,,,,,,,,,,,,,,,,,,,,,,,,,,,,,,,,,,,,,,,,,,,,,,,,,,,,,,,,,,,,,,,,,,,,,,,,,,,,,,,,,,,,,,,,,,,,,,,,,,,,,,,,,,,,,,,,,,,,,,,,,,
20260922_佐世保_2R,20260922,85,佐世保,2,7.4,16.8,38.2,46.6,83.7,,,76.8,276.4,407.6,622.3,1010.6,,,51.5,203.4,181.2,88.2,126.1,,,168.5,437.1,490.3,568.3,1065.4,,,148.7,475.5,150.9,522.1,377.7,,,438.9,1155.5,442.0,1037.3,816.3,,,,,,,,,,,,,,,,,4.2,12.4,27.9,39.9,56.7,,,14.9,57.0,78.6,266.5,233.6,,,70.2,128.5,271.1,170.9,154.0,,,154.1,299.0,458.1,770.3,1087.5,,,150.9,203.5,205.9,820.6,513.5,,,241.2,320.7,405.5,1004.1,711.1,,,,,,,,,,,,,,,,,149.5,844.9,799.7,1827.3,2294.2,,,99.2,446.4,410.8,1091.3,1415.8,,,1142.9,858.7,2229.1,2857.3,2965.1,,,1579.4,1080.1,2993.4,4247.4,4762.2,,,2857.3,2345.5,2937.4,4426.8,6162.9,,,4762.2,2857.3,4989.0,5612.6,6984.6,,,,,,,,,,,,,,,,,115.0,419.6,280.8,160.0,177.8,,,147.7,216.6,338.6,221.8,235.9,,,748.3,590.8,1190.5,873.0,946.7,,,467.0,366.3,818.5,172.7,193.8,,,79.4,112.6,361.6,113.3,19.3,,,200.3,202.1,363.7,170.2,44.6,,,,,,,,,,,,,,,,,415.2,1155.5,976.1,1277.6,2167.6,,,405.0,712.7,787.7,1366.5,1645.5,,,1726.9,1409.4,1940.1,3492.3,2993.4,,,770.3,704.7,1168.4,298.4,338.3,,,1343.2,1348.9,2277.6,373.2,456.1,,,2937.4,2641.2,2857.3,1130.6,1620.1,,,,,,,,,,,,,,,,,152.5,606.7,180.3,863.4,487.3,,,206.1,316.2,226.4,1218.2,567.3,,,1755.9,1360.6,1403.1,2781.4,3207.2,,,133.2,134.4,350.4,326.3,35.1,,,1736.5,2109.4,3416.4,919.0,1348.9,,,921.7,961.1,1976.7,217.9,967.1,,,,,,,,,,,,,,,,,1237.4,3786.8,1288.1,2363.2,2138.1,,,1272.5,1870.8,1441.7,2245.0,2328.2,,,5930.3,3741.7,4029.6,5612.6,4911.0,,,938.2,795.7,1354.7,645.3,315.8,,,4081.9,3274.0,3928.8,1503.8,1976.7,,,1755.9,1717.5,3697.7,470.5,1252.2,,,,,,,,,,,,,,,,,,,,,,,,,,,,,,,,,,,,,,,,,,,,,,,,,,,,,,,,,,,,,,,,,,,,,,,,,,,,,,,,,,,,,,,,,,,,,,,,,,,,,,,,,,,,,,,,,,,,,,,,,,,,,,,,
20260922_佐世保_3R,20260922,85,佐世保,3,28.4,79.1,34.1,176.2,99.7,,,15.5,3.1,38.7,113.9,23.4,,,119.9,30.1,295.5,610.3,133.0,,,108.8,151.7,289.5,183.6,428.2,,,659.5,547.0,976.5,457.5,1234.5,,,172.5,90.2,174.2,329.4,645.2,,,,,,,,,,,,,,,,,51.9,132.7,70.8,370.4,186.3,,,66.9,104.7,207.7,962.2,354.8,,,330.7,353.2,828.2,1660.6,706.5,,,97.2,126.8,324.5,74.2,324.5,,,1454.0,2256.2,2478.4,699.0,2225.5,,,348.0,566.9,735.1,568.9,1454.0,,,,,,,,,,,,,,,,,25.5,5.9,56.6,271.0,27.4,,,90.6,168.2,384.4,1514.5,382.6,,,28.7,165.2,267.9,572.9,84.2,,,384.8,706.5,690.1,1441.1,965.0,,,1181.0,3086.3,2210.4,2844.7,2726.2,,,100.1,424.3,177.5,626.7,1398.0,,,,,,,,,,,,,,,,,560.1,135.3,937.3,1947.3,437.9,,,786.4,627.9,2920.9,4956.8,1935.7,,,120.9,593.7,994.3,1817.5,371.3,,,2083.7,2726.2,2210.4,5111.7,4481.5,,,4956.8,6960.6,4481.5,7435.2,6815.6,,,759.0,1947.3,662.2,2974.0,5033.0,,,,,,,,,,,,,,,,,506.4,651.6,1176.7,924.1,1521.6,,,374.7,525.9,1000.4,209.7,799.8,,,847.5,1239.2,1611.5,2097.1,2031.9,,,2703.7,3271.5,2947.2,4673.5,4304.6,,,1749.4,643.9,1454.0,2596.4,1777.9,,,2181.0,1447.5,2044.6,3480.3,2772.4,,,,,,,,,,,,,,,,,4038.8,2895.1,5640.5,3555.9,6172.6,,,3760.3,4038.8,6543.0,1225.2,3443.6,,,3989.6,6291.3,5276.6,5640.5,6960.6,,,8609.2,8178.7,7435.2,8388.4,9087.5,,,3145.6,1550.4,3029.1,4741.3,3443.6,,,7435.2,4141.1,6960.6,8388.4,5033.0,,,,,,,,,,,,,,,,,173.6,84.1,162.5,561.1,1211.6,,,319.1,495.6,694.5,738.4,1635.7,,,88.8,258.2,134.3,549.8,1112.7,,,428.7,782.6,385.7,1308.6,2423.3,,,1151.9,1143.8,1108.9,1619.5,1380.3,,,3086.3,2516.5,3304.5,3717.6,2659.7,,,,,,,,,,,,,,,,,,,,,,,,,,,,,,,,,,,,,,,,,,,,,,,,,,,,,,,,,,,,,,,,,,,,,,,,,,,,,,,,,,,,,,,,,,,,,,,,,,,,,,,,,,,,,,,,,,,,,,,,,,,,,,,,
20260922_佐世保_4R,20260922,85,佐世保,4,14.7,12.6,38.9,40.3,164.5,,,7.9,17.9,6.3,31.2,189.5,,,25.0,37.0,88.7,107.9,395.1,,,114.3,50.9,170.5,199.0,517.9,,,125.6,114.0,184.5,209.1,543.9,,,525.4,698.0,1196.6,844.8,734.7,,,,,,,,,,,,,,,,,80.8,59.1,162.1,183.6,464.6,,,154.4,201.9,299.1,432.4,1357.2,,,46.0,97.7,142.5,96.0,253.6,,,330.1,557.3,392.4,951.8,1855.5,,,310.5,423.6,229.0,622.4,828.1,,,1416.3,2308.4,1098.0,2641.2,2035.9,,,,,,,,,,,,,,,,,39.1,51.3,13.6,77.4,314.5,,,114.4,261.2,309.9,435.6,1396.0,,,200.8,332.0,387.2,777.6,2204.3,,,43.9,288.2,457.3,334.2,1191.7,,,224.8,626.4,958.0,375.8,1867.3,,,1628.7,3294.1,5429.1,3186.7,3053.9,,,,,,,,,,,,,,,,,76.0,112.8,240.5,225.6,706.4,,,56.2,77.0,191.1,131.0,401.0,,,193.5,208.6,360.1,619.8,2094.1,,,516.1,669.3,840.0,1332.6,5143.4,,,437.5,474.3,967.5,1221.5,1980.9,,,2689.6,2571.7,4728.6,5983.1,2902.7,,,,,,,,,,,,,,,,,370.1,152.7,505.4,574.8,1186.9,,,440.8,888.4,788.1,1357.2,3294.1,,,121.3,554.2,1114.7,798.8,2139.9,,,798.8,1285.8,1584.7,2549.3,6818.0,,,629.1,1320.6,1247.5,2549.3,3807.4,,,1879.3,6373.4,6107.8,9457.3,6237.7,,,,,,,,,,,,,,,,,138.3,90.1,199.0,174.9,718.5,,,208.3,333.9,203.0,452.4,828.1,,,137.8,297.6,389.8,190.6,1182.1,,,292.0,245.5,807.6,1338.7,2124.4,,,422.4,704.7,698.0,1647.0,2204.3,,,1444.2,1534.9,1843.8,2527.3,2155.7,,,,,,,,,,,,,,,,,3490.1,3186.7,3086.0,2109.1,3575.3,,,3449.1,6663.1,4969.0,9999.9,5330.4,,,3409.0,7715.1,8376.4,8622.8,5638.0,,,4129.2,6515.0,9457.3,8884.1,5638.0,,,2237.9,9999.9,9161.7,9999.9,8622.8,,,3369.8,4375.7,4580.8,4806.1,5330.4,,,,,,,,,,,,,,,,,,,,,,,,,,,,,,,,,,,,,,,,,,,,,,,,,,,,,,,,,,,,,,,,,,,,,,,,,,,,,,,,,,,,,,,,,,,,,,,,,,,,,,,,,,,,,,,,,,,,,,,,,,,,,,,,
20260922_佐世保_5R,20260922,85,佐世保,5,62.7,45.6,170.6,197.9,34.6,,,167.3,251.5,232.0,747.3,114.7,,,68.5,207.4,370.1,174.4,155.6,,,424.9,474.9,710.0,974.5,485.9,,,551.4,1307.7,464.3,1181.7,1037.0,,,106.3,50.9,130.7,204.7,505.2,,,,,,,,,,,,,,,,,31.0,27.7,68.7,91.2,11.9,,,138.6,170.0,130.8,362.9,109.3,,,13.1,31.7,68.1,7.5,19.8,,,149.5,141.9,235.2,370.9,173.5,,,228.1,376.0,73.8,397.8,353.5,,,66.2,51.3,119.8,161.1,346.3,,,,,,,,,,,,,,,,,419.4,596.8,503.8,1252.5,247.1,,,448.5,584.0,537.3,1201.7,521.5,,,753.6,644.4,999.2,909.7,905.1,,,504.5,569.1,876.1,1373.4,395.2,,,1693.8,1710.1,1193.6,2155.8,2117.3,,,221.0,630.7,561.0,225.4,1332.2,,,,,,,,,,,,,,,,,62.9,235.4,405.1,137.3,176.7,,,20.4,47.3,101.0,11.2,37.2,,,339.1,208.5,417.5,335.2,430.6,,,810.2,381.2,575.5,551.4,882.6,,,158.4,37.7,154.8,280.5,151.5,,,306.3,208.9,324.2,548.9,358.9,,,,,,,,,,,,,,,,,615.4,766.6,1201.7,2195.7,1087.8,,,273.8,334.0,627.3,1193.6,406.0,,,744.1,721.5,1239.4,1726.7,697.4,,,1352.5,936.0,1488.3,1108.1,1943.8,,,2453.2,2324.9,2470.2,1417.1,3355.8,,,1378.7,1476.0,838.9,2340.2,3453.5,,,,,,,,,,,,,,,,,948.5,2209.4,712.8,2223.2,1670.0,,,783.5,1034.0,162.8,1261.4,1007.6,,,2964.3,1693.8,1034.0,2223.2,2559.1,,,538.9,136.7,594.8,690.7,566.4,,,2715.3,2182.3,2355.7,1243.7,3355.8,,,2340.2,1760.9,2757.4,1028.0,2915.7,,,,,,,,,,,,,,,,,209.3,79.4,235.1,262.9,912.0,,,239.2,235.4,362.9,655.0,956.2,,,125.5,387.4,367.0,144.8,985.3,,,486.6,404.6,482.6,736.4,667.3,,,721.5,1104.7,367.0,844.9,2195.7,,,2032.6,1965.2,2044.3,1108.1,2615.5,,,,,,,,,,,,,,,,,,,,,,,,,,,,,,,,,,,,,,,,,,,,,,,,,,,,,,,,,,,,,,,,,,,,,,,,,,,,,,,,,,,,,,,,,,,,,,,,,,,,,,,,,,,,,,,,,,,,,,,,,,,,,,,,
20260922_佐世保_6R,20260922,85,佐世保,6,22.9,34.0,175.0,189.9,438.2,,,11.6,16.8,37.5,43.9,132.0,,,62.4,54.3,316.7,195.0,525.8,,,229.5,117.7,403.5,216.9,715.1,,,396.0,170.6,426.2,383.6,397.7,,,1039.5,536.1,1212.1,1070.6,615.4,,,,,,,,,,,,,,,,,48.9,40.6,243.7,131.0,390.3,,,85.3,84.2,277.6,270.6,603.0,,,32.4,44.5,67.8,46.6,108.0,,,406.8,455.5,137.8,177.1,743.4,,,413.8,435.5,187.1,243.2,352.6,,,1268.0,1561.5,509.3,1070.6,667.1,,,,,,,,,,,,,,,,,15.2,19.4,31.5,28.7,96.3,,,47.4,50.2,179.8,163.5,452.6,,,101.0,112.3,236.0,233.7,460.8,,,98.5,171.4,213.6,106.1,293.8,,,111.2,217.6,233.4,177.7,173.4,,,382.0,801.7,769.0,519.7,312.8,,,,,,,,,,,,,,,,,144.1,186.6,534.5,308.2,651.3,,,89.2,135.9,183.7,143.3,260.2,,,247.6,249.7,584.2,530.5,919.2,,,966.4,469.2,870.0,540.9,1625.4,,,837.4,429.2,1067.4,575.8,701.1,,,1678.8,1128.0,1892.0,1862.4,938.5,,,,,,,,,,,,,,,,,391.6,210.9,517.4,288.3,822.0,,,471.1,489.1,175.0,213.4,855.4,,,185.2,369.4,437.1,199.6,598.9,,,726.8,363.7,719.4,299.9,1138.8,,,148.0,95.6,135.5,120.8,31.0,,,956.1,719.4,774.0,1216.2,156.3,,,,,,,,,,,,,,,,,525.0,361.9,545.1,357.9,382.0,,,564.9,705.3,296.2,285.6,326.8,,,314.2,672.1,693.0,303.0,373.2,,,829.6,439.2,1027.5,359.0,545.9,,,163.5,139.5,190.1,170.4,42.6,,,218.5,239.6,258.5,259.3,74.1,,,,,,,,,,,,,,,,,1195.9,1465.5,1176.2,2180.4,822.0,,,1146.1,2193.7,837.4,1862.4,863.7,,,1419.0,2079.0,2066.9,1396.8,907.5,,,2248.9,1997.7,2399.9,2154.1,1228.8,,,1603.5,1290.9,1339.2,1702.8,323.6,,,462.0,485.8,551.8,539.3,227.3,,,,,,,,,,,,,,,,,,,,,,,,,,,,,,,,,,,,,,,,,,,,,,,,,,,,,,,,,,,,,,,,,,,,,,,,,,,,,,,,,,,,,,,,,,,,,,,,,,,,,,,,,,,,,,,,,,,,,,,,,,,,,,,,
20260922_佐世保_7R,20260922,85,佐世保,7,38.4,52.8,39.3,68.6,50.9,,,25.0,127.9,32.2,68.3,44.7,,,137.0,305.4,198.7,266.5,248.9,,,15.2,19.7,94.8,23.4,8.5,,,55.0,88.3,142.2,42.8,32.5,,,25.8,42.0,96.5,12.8,15.3,,,,,,,,,,,,,,,,,114.0,194.5,197.5,276.9,292.1,,,89.6,78.8,212.7,206.4,427.1,,,195.0,127.9,398.1,235.4,629.1,,,347.1,406.4,700.8,710.3,1026.9,,,442.0,492.8,442.5,881.9,901.3,,,776.1,1204.7,1245.4,1548.9,1241.2,,,,,,,,,,,,,,,,,72.7,290.2,94.7,216.2,164.5,,,65.7,54.5,127.2,167.1,325.6,,,430.6,235.2,527.4,614.4,1253.9,,,243.5,150.4,450.6,351.1,538.1,,,459.1,413.7,753.9,487.6,914.7,,,810.2,1103.7,1816.0,857.3,1170.3,,,,,,,,,,,,,,,,,445.7,839.7,645.6,677.6,834.0,,,348.4,211.1,703.5,358.9,970.1,,,755.4,336.6,960.0,839.7,1714.7,,,938.0,1162.9,1428.9,1074.8,2671.4,,,822.9,650.1,980.4,1059.3,1177.8,,,1638.4,2333.2,2578.0,3072.1,1722.7,,,,,,,,,,,,,,,,,63.1,86.5,246.1,117.9,58.2,,,314.8,329.1,571.5,634.5,851.4,,,251.3,164.5,655.9,500.8,845.5,,,797.9,1084.2,1110.4,1148.4,2118.7,,,325.3,576.9,407.8,738.7,345.5,,,274.7,888.3,1155.6,1631.2,606.3,,,,,,,,,,,,,,,,,132.7,191.8,356.1,94.0,103.5,,,386.8,421.3,462.5,601.4,643.3,,,537.4,476.9,792.8,574.2,923.9,,,737.3,611.3,905.8,1004.5,1097.2,,,167.3,269.8,214.5,655.9,209.7,,,363.9,646.7,1047.3,908.0,607.3,,,,,,,,,,,,,,,,,576.0,839.7,917.0,261.0,364.2,,,1137.8,2441.4,2441.4,2247.9,1982.0,,,1401.7,2525.0,2949.2,2560.1,2247.9,,,1698.8,3445.4,3511.0,4337.1,2318.6,,,382.0,1706.7,1992.7,2902.8,1087.4,,,631.2,1582.2,2048.1,1910.1,1087.4,,,,,,,,,,,,,,,,,,,,,,,,,,,,,,,,,,,,,,,,,,,,,,,,,,,,,,,,,,,,,,,,,,,,,,,,,,,,,,,,,,,,,,,,,,,,,,,,,,,,,,,,,,,,,,,,,,,,,,,,,,,,,,,,
20260922_佐世保_8R,20260922,85,佐世保,8,4.4,12.2,25.7,17.4,95.2,,,7.9,28.1,63.9,44.9,225.0,,,18.2,30.0,131.6,86.0,312.0,,,78.1,117.0,255.4,262.4,685.3,,,46.8,73.4,148.8,229.1,455.1,,,347.1,737.9,1168.0,1273.6,923.2,,,,,,,,,,,,,,,,,10.8,19.9,33.5,26.8,107.6,,,28.3,91.9,165.4,134.9,476.7,,,55.0,133.6,324.0,274.3,886.4,,,133.7,293.8,544.9,584.8,1483.6,,,85.1,201.9,363.8,559.3,1067.7,,,588.9,1638.9,2487.3,3064.0,2402.5,,,,,,,,,,,,,,,,,41.0,91.3,149.7,124.4,446.9,,,58.1,183.0,313.2,265.2,844.0,,,206.1,304.4,857.6,716.6,1985.1,,,440.0,554.1,1194.4,1543.2,2594.1,,,345.1,490.5,956.6,1807.0,2642.7,,,2237.2,2936.4,3277.8,4186.5,3410.0,,,,,,,,,,,,,,,,,268.4,320.8,965.4,852.5,1784.1,,,354.4,639.7,1645.3,1566.0,2916.1,,,537.2,725.2,1994.5,2114.2,4145.5,,,2896.2,3355.9,3741.9,5955.5,6218.3,,,1433.3,2013.5,2135.5,6711.8,6311.1,,,4646.6,6218.3,5563.7,9999.9,8291.0,,,,,,,,,,,,,,,,,834.0,954.5,2062.6,2168.4,4404.6,,,1075.9,1994.5,3227.8,3614.0,5872.8,,,1526.5,2213.8,3645.2,4596.1,6931.8,,,3741.9,4314.7,4805.0,6931.8,9999.9,,,3809.4,4596.1,5094.5,6820.0,5637.9,,,9396.5,8996.7,9999.9,9999.9,8996.7,,,,,,,,,,,,,,,,,317.9,524.6,956.6,1087.0,2273.3,,,435.9,935.4,1691.3,2458.4,3553.3,,,802.3,1187.7,2124.8,3879.3,5094.5,,,2310.6,2977.7,4186.5,7166.8,9999.9,,,3252.6,4228.4,5094.5,7978.2,7418.3,,,6606.9,6311.1,7688.1,9999.9,9999.9,,,,,,,,,,,,,,,,,3329.4,6505.3,6128.1,8809.2,5955.5,,,3989.1,8996.7,9396.5,9999.9,8131.6,,,8809.2,9610.1,9999.9,9999.9,9999.9,,,8131.6,9610.1,9999.9,9999.9,9999.9,,,9999.9,9999.9,9999.9,9999.9,9999.9,,,7830.4,9999.9,9999.9,9999.9,9999.9,,,,,,,,,,,,,,,,,,,,,,,,,,,,,,,,,,,,,,,,,,,,,,,,,,,,,,,,,,,,,,,,,,,,,,,,,,,,,,,,,,,,,,,,,,,,,,,,,,,,,,,,,,,,,,,,,,,,,,,,,,,,,,,,
20260922_佐世保_9R,20260922,85,佐世保,9,12.1,34.3,97.5,94.2,139.8,,,8.3,6.3,15.6,61.5,6.1,,,60.3,17.9,42.2,101.9,175.4,,,307.9,92.3,126.1,641.8,576.5,,,225.0,153.8,141.0,419.3,766.3,,,401.0,170.4,396.9,580.0,1114.3,,,,,,,,,,,,,,,,,56.2,103.8,356.8,172.1,409.0,,,204.6,578.0,1428.4,944.4,867.4,,,255.1,485.8,423.6,459.3,1733.1,,,1197.9,2399.3,1529.9,2111.1,4581.7,,,403.4,1051.7,415.5,1848.4,2309.2,,,1412.0,1914.1,3155.1,4264.1,4141.1,,,,,,,,,,,,,,,,,39.2,27.7,58.2,156.5,24.9,,,155.5,409.0,901.0,817.2,520.7,,,119.2,386.6,314.7,491.0,397.1,,,537.0,1768.7,858.7,2260.7,1264.8,,,584.7,1253.8,780.9,1824.9,1646.9,,,167.9,519.5,370.6,567.8,951.7,,,,,,,,,,,,,,,,,109.7,43.4,48.6,139.6,350.5,,,192.3,369.5,247.5,429.6,1313.0,,,94.3,337.9,119.9,351.4,489.6,,,44.3,182.8,68.6,147.4,382.9,,,169.3,291.5,279.9,151.3,811.8,,,1261.1,2778.5,1524.5,1521.8,2272.7,,,,,,,,,,,,,,,,,1221.7,799.7,560.0,1719.2,2065.6,,,1613.0,3761.4,1893.1,4463.0,5704.3,,,1029.1,3559.3,1095.8,4101.7,2900.2,,,263.1,538.3,328.8,417.1,988.9,,,2055.7,4243.1,3897.5,1086.2,4785.3,,,3155.1,7830.5,4201.7,3473.2,7622.6,,,,,,,,,,,,,,,,,400.8,419.3,368.5,976.5,1682.3,,,506.9,1159.3,702.0,1998.5,2852.1,,,758.2,1006.2,778.1,1315.0,2175.1,,,243.1,389.9,396.5,277.8,1237.5,,,1524.5,2824.1,2461.0,806.5,3544.6,,,4328.4,5521.5,4486.2,4463.0,6241.7,,,,,,,,,,,,,,,,,2085.6,999.2,2260.7,3214.0,3933.1,,,2340.6,3202.0,5317.0,8126.0,5859.5,,,942.4,2675.0,2447.0,3915.2,4306.8,,,3001.2,7118.6,3794.5,4141.1,5742.4,,,3574.1,9465.5,4922.0,5284.4,8700.6,,,6782.3,6836.1,6196.8,6241.7,8362.7,,,,,,,,,,,,,,,,,,,,,,,,,,,,,,,,,,,,,,,,,,,,,,,,,,,,,,,,,,,,,,,,,,,,,,,,,,,,,,,,,,,,,,,,,,,,,,,,,,,,,,,,,,,,,,,,,,,,,,,,,,,,,,,,
